(1, 2, 2, 2)1
2
6
12
14
24
20
16
30
14
40
60
36
72
48
16
62
36
42
108
72
96
100
48
68
42
120
120
112
168
48
64
126
40
108
192
98
216
180
48
136
84
160
252
180
168
144
96
132
114
126
216
216
312
200
80
240
72
280
348
112
360
192
112
254
96
120
396
252
288
320
144
210
148
360
252
324
480
144
160
264
122
252
492
288
432
420
112
340
180
280
576
336
384
288
144
260
196
342
420
294
600
360
208
408
128
520
636
360
648
240
144
496
228
216
576
504
504
580
288
240
222
600
504
448
624
336
256
510
168
288
780
280
864
660
160
540
276
480
828
576
576
432
240
434
224
444
684
648
888
420
304
612
252
800
768
336
936
480
208
520
384
366
972
588
480
820
336
544
314
720
756
756
1032
336
336
660
232
540
1068
504
1080
960
240
720
288
640
1080
672
960
432
384
516
388
588
576
798
1176
700
400
630
264
1000
1344
648
1008
624
336
792
360
384
1260
936
864
1060
336
680
512
1080
888
560
1296
432
448
1008
294
684
1356
504
1368
960
320
952
468
840
1152
1044
960
864
480
496
484
666
1092
1080
1368
840
432
960
328
1040
1500
784
1440
768
288
1022
516
504
1728
672
1176
1300
528
600
416
1440
1080
1188
1608
480
544
1116
384
828
1260
864
1656
1380
448
1088
564
960
1692
1008
864
720
672
882
614
672
1176
1036
1752
1140
464
1224
400
1480
1728
756
2016
912
400
1188
480
756
1836
1440
1248
1280
624
720
628
1560
1344
1120
1896
624
560
1032
424
1152
1944
854
1512
1620
432
1260
768
800
1980
1476
1512
1008
528
1056
676
942
1368
1296
1920
1260
800
1428
384
1720
2076
784
2088
1008
480
1300
708
696
1728
1260
1728
1780
720
952
686
1800
1332
1728
1776
720
736
1488
588
864
2496
1152
2232
1800
416
1440
672
1600
2268
1008
1536
1152
768
1028
640
1164
1764
1372
2328
960
864
1710
520
1960
1920
1260
2376
1200
576
1302
804
792
2304
1800
1464
2240
720
1224
820
1680
1656
1456
2784
1008
656
1560
552
1080
2508
896
2520
2100
672
1768
756
1440
2880
1908
1440
1008
864
1320
868
1536
1344
1944
2592
1480
880
1200
798
2160
2652
1008
2160
1344
592
2032
900
882
2520
1596
1824
2260
768
1080
916
2280
2160
1728
2760
960
928
1848
512
1404
2796
1512
3168
1920
624
1972
840
1600
2268
2016
2184
1440
960
1008
864
1452
2304
1554
2352
1820
976
2040
648
2280
2940
1512
3024
1296
560
1984
1152
984
2988
1872
2016
2500
1008
1680
800
2400
1884
1792
3048
864
1184
2046
720
1548
2496
1176
2880
2880
688
1440
1044
1960
3132
2340
2016
1584
1152
1240
1106
1248
2436
2592
3024
1800
848
2244
712
2680
3420
1120
3240
1632
720
2268
864
1152
3276
1932
2520
2100
1008
1632
1280
2760
1728
2484
3336
1344
1008
2112
720
1692
3372
1728
2736
2820
976
2160
1140
1440
3420
1680
2304
2016
1008
1778
1156
1842
2328
1568
3936
1960
1040
2220
672
2920
3516
2052
3456
1392
784
2376
1188
1200
3456
2664
2400
2880
1200
1428
1204
3360
2772
2128
2664
1200
1216
2340
896
1440
3456
1764
3672
3060
672
2720
1236
2080
3708
2304
2880
1872
1440
1488
1042
1884
2160
2808
3888
2240
1264
2400
840
3160
3072
1456
4104
1680
1008
2056
1284
1272
3852
2688
2016
3240
1296
1830
1160
2520
3072
2916
3912
1296
1040
2604
1036
2304
3948
1440
3960
3300
864
2788
1152
2520
4032
2352
2688
1584
1200
2080
1348
2028
2520
2198
4056
2280
1568
2448
904
3200
4092
2268
3312
2400
912
2772
1248
1152
4140
3096
3360
3460
1104
1680
1512
3480
2808
2352
4200
1440
1296
2580
768
2124
4800
1624
4248
2880
1120
2700
1536
2880
2880
3204
2880
2160
1440
1848
1664
2058
2904
3240
3528
2220
1456
3264
1094
2960
4536
1680
4392
2208
912
3024
1320
1764
4428
2016
2592
4160
1488
2176
1184
3720
3444
3240
5088
1248
1504
2976
1000
2016
3648
2880
4536
3780
960
2160
1524
2560
5184
2688
3024
2304
1392
2052
1540
1920
3096
2716
4632
2940
1344
2940
1152
3880
4536
1728
4320
2592
1120
3534
1248
1560
4716
3528
3168
3200
1824
2380
1440
3960
2496
2800
4776
1728
1728
2646
1260
2412
4440
1848
4608
3840
1072
3400
1620
2440
4860
4032
3264
2160
1296
2376
1512
2460
4032
3024
4920
2760
1648
3120
840
4640
4956
2352
4968
1968
1104
3096
2052
1656
4032
2520
3840
4180
1680
1920
1626
4200
3384
3780
3768
2016
1776
3432
1128
2268
5184
2592
5112
4800
1008
3604
1716
2400
5148
2352
4032
2592
1728
2600
1376
2604
3684
3584
4800
2240
1584
3672
1372
4320
4992
2664
5256
2640
1168
2480
1764
2394
5292
3888
2784
4420
1776
2160
2048
3600
3660
3136
5184
1776
1424
4080
1152
2700
5376
2058
5616
4200
1344
3420
1440
3040
5436
4068
4200
2304
1824
2232
1640
2748
2880
4104
6240
3600
1840
3264
1224
4600
5184
2240
4536
2784
1456
3640
1860
1536
6156
3276
3744
4660
1440
2856
1876
5280
3768
3456
5640
1872
2016
3828
1280
2520
5676
2880
5328
3780
1264
4320
1908
3640
4608
3360
3360
2880
2208
2032
1986
2592
4452
3388
4656
3840
1936
3330
1296
3920
5820
3276
6624
2928
1008
3960
1956
1944
5400
4104
4536
4900
1968
2856
1568
5040
4608
3024
6048
1680
1984
4032
1320
3456
4800
2296
5976
4980
1440
3536
