(1, 1, 1, 3)1
6
12
10
18
48
40
12
60
78
24
48
70
84
120
32
66
192
84
36
144
180
120
96
136
126
168
82
84
336
200
60
252
288
96
96
234
228
360
140
120
480
144
84
336
336
240
192
310
258
252
128
252
624
400
96
408
540
168
240
224
372
600
156
258
672
360
132
576
576
240
288
420
444
456
210
252
864
560
156
528
726
240
336
540
384
840
224
408
1056
312
168
672
900
480
288
520
588
516
336
378
1200
800
204
840
576
312
432
574
660
960
380
372
1344
432
192
1008
1092
600
384
680
798
744
320
420
1248
840
252
1020
1260
336
528
864
648
1320
320
480
1632
720
276
672
1152
720
672
858
672
888
430
684
1776
840
300
1224
1344
432
480
980
948
1560
416
504
1728
732
324
1440
1440
840
672
720
1098
768
468
588
2064
1400
252
1488
1440
528
720
1008
1092
1680
620
816
1824
720
384
1344
1476
720
768
1270
1164
1176
448
774
2352
1560
396
1260
1980
600
672
896
960
2040
672
924
2592
720
420
1872
1728
1080
672
1360
1080
1320
740
672
2688
1520
444
1560
1638
672
912
1620
1380
1920
576
840
2784
1176
384
1680
2340
960
960
992
1452
1596
730
1116
2064
2000
504
2040
2016
624
1008
1092
1728
2520
640
1026
3072
1008
456
2016
2352
1320
1056
1800
1248
1296
704
924
3216
1640
540
2112
2520
816
1008
1728
1668
2760
780
816
3360
1440
564
2016
1728
1680
960
1764
1638
1344
980
1332
3504
1720
480
2280
2880
888
1344
1470
1512
3000
800
1116
2976
1248
612
2592
3060
1200
1248
1904
1884
1896
672
1092
3792
2600
672
2064
2592
864
1152
2178
1764
3240
1100
1200
3456
1152
660
2352
2964
1680
1056
1980
2028
2196
896
1152
4320
2520
600
2856
2880
1032
1392
1568
2100
2520
1148
1560
4224
1800
576
3168
2304
1800
1440
1560
2058
2184
1330
1176
3552
2480
732
2976
3360
912
1248
2700
2244
3840
832
1632
4704
1440
756
2016
3780
1920
1536
2056
1728
2328
1092
1764
4656
2800
768
2580
3168
1176
1248
2352
2388
3960
1080
1386
4800
1584
840
3600
2928
1680
1824
2720
2460
1920
1088
1428
4320
3120
672
3528
4140
1296
1680
1728
2532
4200
1344
1560
4032
2160
744
3024
4032
1680
1728
2542
2604
2160
1120
1980
5184
2960
876
3264
3354
1344
1776
2660
2112
4440
1184
1524
5376
1764
960
4032
4500
2280
1344
2160
2748
2760
1280
1344
5520
3600
924
3696
2880
1392
1872
3276
2376
3840
1580
2040
6048
1872
756
2688
4368
2400
1920
2600
3192
2904
1152
2394
4704
3640
972
3720
4860
1032
1968
2240
2688
5040
1248
1860
5184
2520
996
3744
4032
2520
2016
2856
2400
3456
1830
1764
6096
2560
888
4092
4428
1536
1632
3780
3456
4560
1376
1680
6240
2184
1044
3696
3780
2640
1920
3168
3318
2496
1680
1944
6720
4400
864
4488
4320
1608
2064
2240
3252
5400
1820
2016
5280
2016
1092
4896
4836
2520
2016
3600
2808
3336
1216
1932
6672
4200
1176
2976
5760
1680
2256
3456
2688
5640
1452
2448
6816
2160
1140
4704
4608
2400
2016
3354
3468
3276
1940
2016
6048
3920
1248
4440
4704
1752
2352
3010
3240
4800
1568
2508
7104
2952
768
5328
5940
3360
2400
2856
3612
3024
1716
2100
6384
5000
1212
4680
4032
1488
2688
4032
3684
6120
1600
2160
7392
2448
1236
3360
5760
3120
2112
4340
3126
3768
1728
2844
7296
3120
1260
5304
6300
1896
2016
2912
3612
6720
2016
2040
7680
3240
1284
5184
4032
2880
2592
3660
4320
3528
1800
2268
7824
4400
1056
5280
5772
1728
2640
4320
3972
6600
1792
2856
5184
3192
1344
4704
6660
2640
2976
3024
4044
4056
1722
3294
8112
5600
1176
3840
5472
2160
2736
3276
3264
6000
2300
2604
8736
2304
1380
6192
6048
3480
2208
4760
3840
4200
1856
1764
8400
5600
1368
6096
5760
2112
2400
4320
4260
5760
2028
2640
8640
2880
1344
5040
5760
3600
2880
3696
3672
4116
2420
3276
7056
5320
1452
5712
6558
1776
2688
4340
4404
7320
1376
3120
9504
3120
1476
5472
7560
3120
2976
3600
3552
4488
2352
2688
7776
5200
1500
5952
6048
2352
2400
4428
4548
7560
2880
2448
9120
3024
1320
5376
4992
3840
3360
5110
4620
3456
2048
3492
9264
5880
1260
5880
6840
2328
2880
3136
5184
7680
2240
2838
7584
3960
1572
7056
6336
3120
2688
5304
5208
4776
2080
2772
9552
4320
1536
5292
7392
2400
3552
5940
3456
8400
2144
3000
9696
2904
1620
4704
8100
4560
2592
3968
4536
4920
2184
2880
9840
6800
1644
6936
6048
2160
3312
4704
4980
6720
2780
3612
8256
3312
1344
7776
7380
4200
3360
3600
4878
5064
2240
2940
8784
6240
1596
6864
8460
2016
3648
5184
5124
7440
2016
3672
10272
5040
1716
4704
5760
4320
3456
5200
4128
5208
2730
3240
11232
4480
1848
6600
7644
2592
2496
5180
5268
8760
2336
2976
10560
3612
1764
8064
7200
4440
3552
5168
4536
4224
2928
3108
10368
7400
1440
6168
8064
2688
3360
4914
4992
9600
2520
3360
8736
3600
1812
6384
8400
3360
3648
5940
6048
5496
1984
4140
9504
6560
1836
6528
9180
2760
4032
4032
4788
9240
2652
3528
11136
3600
1548
8352
7488
4680
3072
5880
5628
4752
3140
2688
11280
6320
1920
7440
5760
3024
3792
7020
6216
7560
2528
3264
11424
4056
1536
6720
10080
4800
3264
4064
5586
6384
3024
4356
9312
7200
1932
7980
6912
2352
3888
5110
4968
9720
2940
4092
11712
3888
2112
6192
8580
4920
3936
6800
4704
5376
2304
3528
12096
6720
1980
7800
9900
2592
3168
6048
5988
9960
3116
3120
