(1, 2, 4, 6)1
2
2
4
4
4
10
12
10
14
16
12
24
28
12
20
28
16
26
36
8
24
48
24
30
42
28
40
72
28
32
60
34
60
64
24
28
76
36
56
80
40
60
84
72
52
96
48
72
86
42
80
56
52
82
96
36
72
112
60
120
124
60
84
124
56
96
132
32
120
96
72
130
148
76
84
216
72
140
156
56
122
160
84
48
128
84
140
144
88
112
168
144
120
192
72
150
196
86
156
84
100
128
204
140
120
208
108
240
220
96
152
216
112
180
192
56
196
240
96
96
266
124
200
360
104
156
252
130
168
224
132
120
216
132
164
320
136
192
276
144
240
288
168
196
224
148
172
152
148
210
300
108
208
288
120
336
316
156
260
272
144
242
324
80
192
336
168
300
366
128
252
504
172
224
252
216
300
352
180
104
364
168
248
288
152
300
384
288
240
288
192
264
388
196
280
172
196
336
396
210
264
400
168
480
320
204
312
392
216
192
420
104
360
432
168
246
360
220
296
576
224
380
444
180
294
448
228
144
460
192
360
560
232
364
384
360
312
384
240
360
484
266
364
248
172
320
504
180
420
416
252
504
576
252
256
508
256
420
456
112
364
528
264
480
416
216
440
792
268
320
540
224
336
544
252
240
556
276
420
288
280
384
564
432
360
672
240
442
546
224
392
296
292
430
480
380
492
592
336
504
504
300
500
648
248
448
612
144
408
480
312
420
628
316
312
936
316
416
672
248
540
576
288
244
588
324
440
800
288
480
660
504
532
672
264
336
676
366
560
256
360
468
600
252
384
688
348
840
700
252
560
720
352
480
576
176
480
720
360
560
686
364
532
1008
296
620
732
432
520
608
312
240
748
384
520
576
392
492
756
432
504
768
384
630
576
388
588
392
388
448
768
430
660
784
312
936
796
396
432
588
400
660
840
200
484
672
456
384
820
320
680
1224
360
672
672
476
552
864
420
240
844
420
624
1040
336
576
744
648
840
672
432
720
868
360
448
440
432
740
876
288
602
896
444
912
704
444
740
792
448
546
960
224
600
912
336
900
916
460
656
1152
460
576
924
392
600
928
468
392
792
384
632
720
504
780
756
576
676
960
480
480
1064
484
720
532
392
730
972
620
648
688
492
1200
896
504
672
1080
432
672
996
208
840
1008
504
468
800
576
732
1512
508
640
888
514
720
1024
408
336
1152
456
860
1120
520
784
1044
792
504
1056
480
840
1106
416
780
432
560
704
864
396
900
1072
516
984
1084
540
728
1088
440
840
1092
272
868
1008
504
960
936
556
760
1656
556
780
1176
432
768
1120
564
480
896
564
732
864
568
576
1140
1008
960
960
504
868
1156
546
776
448
504
980
1248
740
728
1168
588
1032
1080
480
980
1064
592
960
768
296
792
1344
600
630
1204
504
924
1800
532
800
1212
540
840
992
672
416
1228
612
640
1440
616
1020
1236
720
984
1248
528
1008
1042
628
1080
632
608
672
1260
468
840
1264
504
1560
1204
672
936
1040
640
864
1284
288
840
1152
648
1210
1440
588
720
1944
652
1100
1056
560
1036
1152
660
384
1324
660
1120
1008
432
988
1344
1008
888
1056
744
1020
1348
676
840
732
676
896
1176
640
1140
1440
684
1512
1088
600
920
1512
728
960
1380
344
936
1392
552
672
1280
700
1160
1512
700
1148
1368
792
768
1408
600
600
1420
576
1092
1760
720
768
1344
1080
1200
1440
720
728
1224
686
968
728
588
1330
1452
504
1094
1184
672
1488
1468
732
860
1440
792
1120
1476
304
1008
1248
744
1500
1184
748
1092
2304
648
832
1500
864
1260
1568
600
480
1516
756
1152
864
760
1260
1320
1152
896
1536
840
1032
1540
576
1280
776
772
1092
1260
980
912
1552
720
1680
1728
768
1148
1204
632
1056
1572
392
1320
1248
672
1008
1736
796
832
2376
796
1080
1536
714
1144
1600
888
528
1152
840
1340
2000
808
976
1620
1008
1080
1824
648
1440
1512
820
1176
640
820
1088
1644
612
1260
1440
828
1872
1660
672
1112
1736
688
1380
1344
432
1200
1680
840
960
1626
844
1400
2520
732
1344
1596
728
1128
1344
912
720
1708
744
936
1296
856
1344
1716
1008
1200
1728
864
1230
1376
868
1092
720
936
1120
1848
1100
1372
1728
624
1776
1756
876
1460
1728
880
1118
1764
448
960
1776
888
1140
1512
704
1452
2664
864
1184
1440
756
1680
1792
840
588
1664
960
1008
2240
728
1500
1812
1368
1300
1344
912
1008
2016
916
1240
920
792
1280
1836
576
1224
1840
1008
2160
1596
924
1428
1904
928
960
1548
464
1560
1872
768
1820
1876
792
1256
2304
940
1580
1920
1080
984
2016
948
624
2072
756
1580
1152
952
1456
1536
1440
1344
1920
816
1320
1862
1064
1404
968
776
1152
1932
1330
1440
1568
972
2184
1656
972
1176
1736
976
1620
2112
344
1540
1968
984
960
1568
896
1440
3024
1008
1248
1980
900
1320
1728
792
840
1996
996
1520
2080
