(1, 1, 2, 4)1
4
6
8
14
16
20
32
30
28
40
40
36
48
48
32
62
72
42
72
72
64
100
96
68
84
120
80
112
112
48
128
126
80
108
128
98
144
180
96
136
168
160
168
180
112
144
192
132
228
126
144
216
208
200
160
240
144
280
232
112
240
192
224
254
192
120
264
252
192
320
288
210
296
360
168
324
320
144
320
264
244
252
328
288
288
420
224
340
360
280
384
336
256
288
288
260
392
342
280
294
400
360
416
408
256
520
424
360
432
240
288
496
456
216
384
504
336
580
576
240
444
600
336
448
416
336
512
510
336
288
520
280
576
660
320
540
552
480
552
576
384
432
480
434
448
444
456
648
592
420
608
612
504
800
512
336
624
480
416
520
768
366
648
588
320
820
672
544
628
720
504
756
688
336
672
660
464
540
712
504
720
960
480
720
576
640
720
672
640
432
768
516
776
588
384
798
784
700
800
630
528
1000
896
648
672
624
672
792
720
384
840
936
576
1060
672
680
1024
1080
592
560
864
432
896
1008
588
684
904
504
912
960
640
952
936
840
768
1044
640
864
960
496
968
666
728
1080
912
840
864
960
656
1040
1000
784
960
768
576
1022
1032
504
1152
672
784
1300
1056
600
832
1440
720
1188
1072
480
1088
1116
768
828
840
864
1104
1380
896
1088
1128
960
1128
1008
576
720
1344
882
1228
672
784
1036
1168
1140
928
1224
800
1480
1152
756
1344
912
800
1188
960
756
1224
1440
832
1280
1248
720
1256
1560
896
1120
1264
624
1120
1032
848
1152
1296
854
1008
1620
864
1260
1536
800
1320
1476
1008
1008
1056
1056
1352
942
912
1296
1280
1260
1600
1428
768
1720
1384
784
1392
1008
960
1300
1416
696
1152
1260
1152
1780
1440
952
1372
1800
888
1728
1184
720
1472
1488
1176
864
1664
1152
1488
1800
832
1440
1344
1600
1512
1008
1024
1152
1536
1028
1280
1164
1176
1372
1552
960
1728
1710
1040
1960
1280
1260
1584
1200
1152
1302
1608
792
1536
1800
976
2240
1440
1224
1640
1680
1104
1456
1856
1008
1312
1560
1104
1080
1672
896
1680
2100
1344
1768
1512
1440
1920
1908
960
1008
1728
1320
1736
1536
896
1944
1728
1480
1760
1200
1596
2160
1768
1008
1440
1344
1184
2032
1800
882
1680
1596
1216
2260
1536
1080
1832
2280
1440
1728
1840
960
1856
1848
1024
1404
1864
1512
2112
1920
1248
1972
1680
1600
1512
2016
1456
1440
1920
1008
1728
1452
1536
1554
1568
1820
1952
2040
1296
2280
1960
1512
2016
1296
1120
1984
2304
984
1992
1872
1344
2500
2016
1680
1600
2400
1256
1792
2032
864
2368
2046
1440
1548
1664
1176
1920
2880
1376
1440
2088
1960
2088
2340
1344
1584
2304
1240
2212
1248
1624
2592
2016
1800
1696
2244
1424
2680
2280
1120
2160
1632
1440
2268
1728
1152
2184
1932
1680
2100
2016
1632
2560
2760
1152
2484
2224
1344
2016
2112
1440
1692
2248
1728
1824
2820
1952
2160
2280
1440
2280
1680
1536
2016
2016
1778
2312
1842
1552
1568
2624
1960
2080
2220
1344
2920
2344
2052
2304
1392
1568
2376
2376
1200
2304
2664
1600
2880
2400
1428
2408
3360
1848
2128
1776
1200
2432
2340
1792
1440
2304
1764
2448
3060
1344
2720
2472
2080
2472
2304
1920
1872
2880
1488
2084
1884
1440
2808
2592
2240
2528
2400
1680
3160
2048
1456
2736
1680
2016
2056
2568
1272
2568
2688
1344
3240
2592
1830
2320
2520
2048
2916
2608
1296
2080
2604
2072
2304
2632
1440
2640
3300
1728
2788
2304
2520
2688
2352
1792
1584
2400
2080
2696
2028
1680
2198
2704
2280
3136
2448
1808
3200
2728
2268
2208
2400
1824
2772
2496
1152
2760
3096
2240
3460
2208
1680
3024
3480
1872
2352
2800
1440
2592
2580
1536
2124
3200
1624
2832
2880
2240
2700
3072
2880
1920
3204
1920
2160
2880
1848
3328
2058
1936
3240
2352
2220
2912
3264
2188
2960
3024
1680
2928
2208
1824
3024
2640
1764
2952
2016
1728
4160
2976
2176
2368
3720
2296
3240
3392
1248
3008
2976
2000
2016
2432
2880
3024
3780
1920
2160
3048
2560
3456
2688
2016
2304
2784
2052
3080
1920
2064
2716
3088
2940
2688
2940
2304
3880
3024
1728
2880
2592
2240
3534
2496
1560
3144
3528
2112
3200
3648
2380
2880
3960
1664
2800
3184
1728
3456
2646
2520
2412
2960
1848
3072
3840
2144
3400
3240
2440
3240
4032
2176
2160
2592
2376
3024
2460
2688
3024
3280
2760
3296
3120
1680
4640
3304
2352
3312
1968
2208
3096
4104
1656
2688
2520
2560
4180
3360
1920
3252
4200
2256
3780
2512
2016
3552
3432
2256
2268
3456
2592
3408
4800
2016
3604
3432
2400
3432
2352
2688
2592
3456
2600
2752
2604
2456
3584
3200
2240
3168
3672
2744
4320
3328
2664
3504
2640
2336
2480
3528
2394
3528
3888
1856
4420
3552
2160
4096
3600
2440
3136
3456
1776
2848
4080
2304
2700
3584
2058
3744
4200
2688
3420
2880
3040
3624
4068
2800
2304
3648
2232
3280
2748
1920
4104
4160
3600
3680
3264
2448
4600
3456
2240
3024
2784
2912
3640
3720
1536
4104
3276
2496
4660
2880
2856
3752
5280
2512
3456
3760
1872
4032
3828
2560
2520
3784
2880
3552
3780
2528
4320
3816
3640
3072
3360
2240
2880
4416
2032
3972
2592
2968
3388
3104
3840
3872
3330
2592
3920
3880
3276
4416
2928
2016
3960
3912
1944
3600
4104
3024
4900
3936
2856
3136
5040
3072
3024
4032
1680
3968
4032
2640
3456
3200
2296
3984
4980
2880
3536
