(1, 2, 4, 4)1
2
2
4
6
8
12
16
14
14
24
20
20
24
16
16
30
36
14
36
40
32
60
48
36
42
72
40
48
56
16
64
62
40
36
64
42
72
108
48
72
84
96
84
100
56
48
96
68
114
42
72
120
104
120
80
112
72
168
116
48
120
64
112
126
96
40
132
108
96
192
144
98
148
216
84
180
160
48
160
136
122
84
164
160
144
252
112
180
180
168
192
144
128
96
144
132
196
114
140
126
200
216
208
216
128
312
212
200
216
80
144
240
228
72
192
280
168
348
288
112
222
360
168
192
208
112
256
254
168
96
260
120
288
396
160
252
276
288
276
320
192
144
240
210
224
148
228
360
296
252
304
324
252
480
256
144
312
160
208
264
384
122
324
252
160
492
336
288
314
432
252
420
344
112
336
340
232
180
356
280
360
576
240
336
288
384
360
288
320
144
384
260
388
196
192
342
392
420
400
294
264
600
448
360
336
208
336
408
360
128
420
520
288
636
336
360
512
648
296
240
432
144
448
496
294
228
452
216
456
576
320
504
468
504
384
580
320
288
480
240
484
222
364
600
456
504
432
448
328
624
500
336
480
256
288
510
516
168
576
288
392
780
528
280
416
864
360
660
536
160
544
540
384
276
420
480
552
828
448
576
564
576
564
432
288
240
672
434
614
224
392
444
584
684
464
648
400
888
576
420
672
304
400
612
480
252
612
800
416
768
624
336
628
936
448
480
632
208
560
520
424
384
648
366
504
972
432
588
768
480
660
820
504
336
528
544
676
314
456
720
640
756
800
756
384
1032
692
336
696
336
480
660
708
232
576
540
576
1068
720
504
686
1080
444
960
592
240
736
720
588
288
832
640
744
1080
416
672
672
960
756
432
512
384
768
516
640
388
588
588
776
576
864
798
520
1176
640
700
792
400
576
630
804
264
768
1000
488
1344
720
648
820
1008
552
624
928
336
656
792
552
360
836
384
840
1260
672
936
756
864
960
1060
480
336
864
680
868
512
448
1080
864
888
880
560
798
1296
884
432
720
448
592
1008
900
294
840
684
608
1356
768
504
916
1368
720
960
920
320
928
952
512
468
932
840
1056
1152
624
1044
840
960
756
864
728
480
960
496
864
484
768
666
784
1092
976
1080
648
1368
980
840
1008
432
560
960
1152
328
996
1040
672
1500
1008
784
800
1440
628
768
1016
288
1184
1022
720
516
832
504
960
1728
688
672
1044
1176
1044
1300
672
528
1152
600
1106
416
812
1440
1008
1080
848
1188
712
1608
1140
480
1080
544
720
1116
864
384
1092
828
840
1260
1008
864
1280
1656
576
1380
1112
448
1008
1088
720
564
1124
960
912
1692
976
1008
1140
864
1140
720
768
672
1008
882
1156
614
776
672
1312
1176
1040
1036
672
1752
1172
1140
1152
464
784
1224
1188
400
1152
1480
800
1728
1200
756
1204
2016
924
912
888
400
1216
1188
896
480
1152
756
1224
1836
672
1440
1236
1248
1236
1280
960
624
1440
720
1042
628
720
1560
1296
1344
1264
1120
840
1896
1024
624
1368
560
1008
1032
1284
424
1284
1152
672
1944
1296
854
1160
1512
1024
1620
1304
432
1040
1260
1036
768
1316
800
1320
1980
864
1476
1152
1512
1344
1008
896
528
1200
1056
1348
676
840
942
1352
1368
1568
1296
904
1920
1364
1260
1104
800
912
1428
1248
384
1380
1720
1120
2076
1104
784
1512
2088
936
1008
1400
480
1296
1300
768
708
1600
696
1416
1728
1120
1260
1536
1728
960
1780
960
720
1440
952
1664
686
968
1800
1176
1332
1456
1728
1094
1776
1512
720
1464
736
912
1488
1320
588
1476
864
864
2496
1488
1152
1184
2232
1148
1800
1696
416
1504
1440
1000
672
1216
1600
1512
2268
960
1008
1524
1536
1728
1152
1008
768
1392
1028
1540
640
1032
1164
1544
1764
1344
1372
1152
2328
1512
960
1440
864
1120
1710
1248
520
1572
1960
1056
1920
1824
1260
1440
2376
832
1200
1592
576
1728
1302
1260
804
1480
792
1536
2304
1072
1800
1620
1464
1620
2240
1088
720
1296
1224
1512
820
1344
1680
1640
1656
1648
1456
840
2784
1652
1008
1656
656
1104
1560
2052
552
1344
1080
1280
2508
1680
896
1626
2520
1128
2100
1256
672
1776
1768
1128
756
1728
1440
1704
2880
1008
1908
1716
1440
1716
1008
1344
864
1728
1320
1376
868
1228
1536
1600
1344
1584
1944
1372
2592
1664
1480
1752
880
1168
1200
1764
798
1764
2160
928
2652
1776
1008
2048
2160
1220
1344
1728
592
1424
2032
1152
900
1792
882
1872
2520
1344
1596
1440
1824
1812
2260
1400
768
1824
1080
1640
916
960
2280
2080
2160
1840
1728
1224
2760
1728
960
1512
928
1456
1848
1860
512
2052
1404
1248
2796
1440
1512
1876
3168
1256
1920
1880
624
2016
1972
1280
840
1892
1600
1776
2268
1264
2016
1908
2184
1536
1440
1120
960
2208
1008
1986
864
1484
1452
1552
2304
1936
1554
1296
2352
1940
1820
2208
976
1008
2040
1956
648
1800
2280
1512
2940
1968
1512
1568
3024
1536
1296
2016
560
1984
1984
1320
1152
1600
984
1992
2988
1440
1872
