(1, 2, 2, 3)1
2
4
10
10
16
24
12
28
26
8
48
30
28
72
32
34
64
28
36
80
60
72
96
72
42
56
82
36
112
120
60
124
96
32
96
130
76
216
140
56
160
48
84
144
112
144
192
150
86
84
128
140
208
240
96
216
180
56
240
96
124
360
156
130
224
120
132
320
192
144
288
196
148
152
210
108
288
336
156
272
242
80
336
300
128
504
224
216
352
104
168
288
300
288
288
264
196
172
336
210
400
480
204
392
192
104
432
246
220
576
380
180
448
144
192
560
364
360
384
360
266
248
320
180
416
504
252
508
420
112
528
480
216
792
320
224
544
240
276
288
384
432
672
442
224
296
430
380
592
504
300
648
448
144
480
420
316
936
416
248
576
244
324
800
480
504
672
336
366
256
468
252
688
840
252
720
480
176
720
560
364
1008
620
432
608
240
384
576
492
432
768
630
388
392
448
430
784
936
396
588
660
200
672
384
320
1224
672
476
864
240
420
1040
576
648
672
720
360
440
740
288
896
912
444
792
546
224
912
900
460
1152
576
392
928
392
384
720
780
576
960
480
484
532
730
620
688
1200
504
1080
672
208
1008
468
576
1512
640
514
1024
336
456
1120
784
792
1056
840
416
432
704
396
1072
984
540
1088
840
272
1008
960
556
1656
780
432
1120
480
564
864
576
1008
960
868
546
448
980
740
1168
1032
480
1064
960
296
1344
630
504
1800
800
540
992
416
612
1440
1020
720
1248
1008
628
632
672
468
1264
1560
672
1040
864
288
1152
1210
588
1944
1100
560
1152
384
660
1008
988
1008
1056
1020
676
732
896
640
1440
1512
600
1512
960
344
1392
672
700
1512
1148
792
1408
600
576
1760
768
1080
1440
728
686
728
1330
504
1184
1488
732
1440
1120
304
1248
1500
748
2304
832
864
1568
480
756
864
1260
1152
1536
1032
576
776
1092
980
1552
1680
768
1204
1056
392
1248
1008
796
2376
1080
714
1600
528
840
2000
976
1008
1824
1440
820
640
1088
612
1440
1872
672
1736
1380
432
1680
960
844
2520
1344
728
1344
720
744
1296
1344
1008
1728
1230
868
720
1120
1100
1728
1776
876
1728
1118
448
1776
1140
704
2664
1184
756
1792
588
960
2240
1500
1368
1344
1008
916
920
1280
576
1840
2160
924
1904
960
464
1872
1820
792
2304
1580
1080
2016
624
756
1152
1456
1440
1920
1320
1064
968
1152
1330
1568
2184
972
1736
1620
344
1968
960
896
3024
1248
900
1728
840
996
2080
1344
1512
2016
1512
800
1152
1830
756
2032
1536
888
2044
1476
512
1632
2100
1152
2736
1376
784
2080
728
1044
1584
1260
1584
1920
1632
1106
832
1680
1080
2240
2640
864
2376
1440
536
2064
960
1084
3240
1820
992
1760
672
1092
2720
1612
1512
2016
1680
936
1112
1216
828
2224
2520
1176
1440
1920
560
2256
1920
896
3384
1452
1296
2272
720
1140
2016
1536
1440
2016
1690
1156
1092
1940
1120
2016
2352
1248
2072
1568
584
2352
1290
1080
2880
1568
1292
2368
984
768
2960
1980
2016
2400
1512
1204
1008
1716
900
2128
3000
1212
2376
1344
496
2688
2240
1228
3672
1600
1008
2464
816
1236
1440
1920
1872
2112
2100
1042
1256
1728
1580
2432
1872
1260
2808
2100
632
2016
1248
1204
4032
2016
1016
2560
1080
1284
2880
1344
1728
2592
1708
1440
1176
1800
972
2608
2640
1056
2720
1924
576
2640
2400
1324
3960
1792
1512
1728
1064
1344
2016
2220
1584
2976
1488
1348
1352
1722
1830
2704
3360
1176
1792
1824
720
2736
1404
1088
3600
2300
1260
2912
768
1380
3440
2016
2088
2208
2520
1280
1400
1856
756
2800
3360
1368
3024
1920
704
2400
2400
1420
3456
2028
1232
2880
960
1344
2160
1920
2160
2880
1904
1224
1372
2420
1820
2352
3192
1452
3024
2186
592
2688
1860
1468
4392
1376
1584
3168
1040
1476
3040
2520
1872
2976
1680
1184
1496
2352
1152
2592
3120
1500
2880
2016
784
2400
2460
1516
4536
2880
1296
3040
1008
1320
2304
1664
2304
3360
2550
1540
1152
2048
1940
3088
3528
1260
2744
2280
776
2880
1344
1728
4608
2240
1462
2528
1320
1572
3920
2112
1872
2688
2808
1736
1592
2080
1188
3184
2592
1536
2604
2464
800
3552
3300
1152
5040
2144
1400
3232
968
1620
2016
2700
2736
2592
1920
1512
1640
2184
1600
3280
4080
1644
3672
2016
720
3312
2016
1660
4032
2780
1820
2752
1104
1344
4320
2460
2520
3360
1680
1626
1688
2240
1260
2928
3744
1596
3536
2820
672
3648
2880
1708
4464
2016
1944
3424
1680
1716
2016
1920
2592
3456
2640
1376
1736
2730
1800
3744
2688
1848
3080
2548
864
2496
2220
1756
5256
2336
1440
3520
1204
1764
4480
2400
2664
3552
2736
1512
1408
2928
1332
3456
4440
1440
3096
2688
896
3360
2730
1664
5760
2520
1568
2912
1200
1812
2736
2800
2016
3648
3060
2016
1832
1984
2300
3168
3936
1836
3456
3060
920
4032
1728
1596
5544
2652
1736
3712
1200
1548
4640
2496
2808
3072
2744
1876
1584
3140
1152
3760
3792
1920
3600
1920
1008
3792
3900
2072
4536
2528
1728
3808
1352
1536
2880
3360
2880
3264
2016
1862
2128
3024
2420
3104
4320
1932
3724
2304
784
3888
2190
1656
5832
2940
2108
3904
1296
2112
3440
2860
2952
3936
3600
1568
1792
2304
1512
4032
4032
1980
3960
3300
864
3168
3360
1996
5976
3116
1456
