(1, 1, 2, 6)1
4
6
8
12
8
10
24
18
28
48
24
40
56
12
40
60
32
78
72
24
48
48
48
70
84
84
80
120
56
32
120
66
120
192
48
84
152
36
112
144
80
180
168
120
104
96
96
136
172
126
160
168
104
82
192
84
144
336
120
200
248
60
168
252
112
288
264
96
240
96
144
234
296
228
168
360
144
140
312
120
244
480
168
144
256
84
280
336
176
336
336
240
240
192
144
310
392
258
312
252
200
128
408
252
240
624
216
400
440
96
304
408
224
540
384
168
392
240
192
224
532
372
400
600
208
156
504
258
336
672
264
360
432
132
328
576
272
576
552
240
480
288
336
420
448
444
344
456
296
210
600
252
416
864
240
560
632
156
520
528
288
726
648
240
384
336
336
540
732
384
504
840
344
224
504
408
600
1056
360
312
728
168
496
672
304
900
768
480
480
288
384
520
776
588
560
516
392
336
792
378
528
1200
336
800
640
204
624
840
432
576
840
312
720
432
336
574
720
660
592
960
448
380
888
372
588
1344
456
432
920
192
720
1008
464
1092
768
600
624
384
480
680
968
798
728
744
344
320
1008
420
840
1248
504
840
1152
252
512
1020
512
1260
912
336
728
528
528
864
832
648
880
1320
536
320
1080
480
672
1632
504
720
1112
276
840
672
560
1152
1128
720
720
672
480
858
1092
672
784
888
584
430
960
684
984
1776
672
840
1008
300
1000
1224
496
1344
1224
432
816
480
624
980
1256
948
624
1560
632
416
1344
504
1080
1728
576
732
1176
324
880
1440
576
1440
1320
840
1064
672
528
720
1352
1098
1120
768
720
468
1200
588
768
2064
696
1400
1400
252
1120
1488
704
1440
1152
528
960
720
720
1008
1372
1092
1064
1680
592
620
1464
816
1040
1824
624
720
1496
384
1040
1344
784
1476
1512
720
1008
768
768
1270
1152
1164
1176
1176
776
448
1536
774
1320
2352
624
1560
1592
396
864
1260
800
1980
1680
600
968
672
912
896
1640
960
1360
2040
720
672
1344
924
1104
2592
840
720
1688
420
1248
1872
672
1728
1488
1080
1680
672
864
1360
1736
1080
896
1320
864
740
1752
672
1204
2688
888
1520
1408
444
1480
1560
896
1638
1920
672
1200
912
672
1620
1832
1380
1312
1920
920
576
1848
840
1200
2784
936
1176
1584
384
1264
1680
1008
2340
1512
960
1352
960
960
992
2128
1452
1440
1596
784
730
1944
1116
1296
2064
984
2000
1792
504
1344
2040
864
2016
1992
624
1680
1008
1008
1092
1600
1728
1464
2520
1016
640
1776
1026
1440
3072
816
1008
2304
456
1720
2016
1040
2352
2088
1320
1008
1056
960
1800
2212
1248
1560
1296
1120
704
1728
924
1800
3216
1032
1640
2168
540
1456
2112
880
2520
2184
816
1736
1008
1008
1728
1872
1668
1520
2760
1112
780
2352
816
1536
3360
1128
1440
1792
564
1464
2016
1136
1728
2280
1680
1920
960
1008
1764
2312
1638
1552
1344
1008
980
2496
1332
1456
3504
1176
1720
2160
480
1960
2280
1184
2880
1536
888
1584
1344
1200
1470
2408
1512
1848
3000
1064
800
2424
1116
1680
2976
1344
1248
2456
612
1280
2592
1232
3060
2472
1200
1968
1248
1056
1904
2084
1884
2160
1896
1216
672
2520
1092
1680
3792
1008
2600
2408
672
1872
2064
1280
2592
2568
864
1680
1152
1296
2178
2880
1764
1440
3240
1304
1100
2112
1200
2072
3456
1320
1152
2648
660
2240
2352
864
2964
2688
1680
1776
1056
1488
1980
2696
2028
1680
2196
1352
896
2352
1152
2280
4320
1368
2520
2176
600
1840
2856
1456
2880
2760
1032
1872
1392
1104
1568
2560
2100
2320
2520
1400
1148
2736
1560
1536
4224
1200
1800
2840
576
2184
3168
1440
2304
2688
1800
2400
1440
1440
1560
2448
2058
1936
2184
1176
1330
2904
1176
2188
3552
1344
2480
2936
732
1720
2976
1584
3360
2952
912
2016
1248
1488
2700
2368
2244
2184
3840
1296
832
3000
1632
2520
4704
1200
1440
3032
756
2304
2016
1520
3780
2640
1920
1792
1536
1680
2056
3080
1728
2560
2328
1544
1092
2520
1764
1824
4656
1440
2800
3456
768
2296
2580
1264
3168
3144
1176
2640
1248
1344
2352
3472
2388
1664
3960
1592
1080
3072
1386
2288
4800
1776
1584
2304
840
2680
3600
1616
2928
3240
1680
2160
1824
1296
2720
3024
2460
2352
1920
1640
1088
3288
1428
2520
4320
1656
3120
3320
672
2224
3528
1376
4140
2688
1296
2400
1680
1680
1728
3252
2532
2800
4200
1464
1344
3192
1560
2256
4032
1824
2160
3416
744
1872
3024
1712
4032
3432
1680
2400
1728
1728
2542
2752
2604
2184
2160
1872
1120
3696
1980
2744
5184
1248
2960
3512
876
2920
3264
1760
3354
3528
1344
1920
1776
1776
2660
3024
2112
2904
4440
1728
1184
2880
1524
3360
5376
1680
1764
3328
960
2016
4032
1456
4500
3624
2280
2600
1344
1824
2160
4032
2748
2480
2760
1584
1280
3672
1344
2448
5520
2016
3600
3192
924
2856
3696
1856
2880
3096
1392
3120
1872
1536
3276
3752
2376
2512
3840
1880
1580
3840
2040
1968
6048
1896
1872
4144
756
3160
2688
1904
4368
3072
2400
2688
1920
1632
2600
3724
3192
2808
2904
1552
1152
3864
2394
2880
4704
1944
3640
3312
972
2352
3720
1952
4860
4224
1032
3080
1968
1968
2240
3136
2688
2880
5040
2016
1248
3960
1860
2640
5184
1584
2520
3992
996
3040
3744
