(1, 2, 2, 6)1
2
4
8
6
8
10
4
20
26
20
40
24
8
40
20
22
64
28
40
56
16
20
32
50
62
80
80
28
40
80
20
84
100
32
144
78
24
80
32
68
160
100
88
120
56
80
64
88
86
124
160
56
72
82
40
136
160
100
232
140
40
200
52
86
288
80
136
192
80
72
96
140
148
240
248
120
80
200
52
248
242
80
328
112
64
176
100
100
352
260
144
224
80
160
160
210
196
172
280
186
136
128
68
272
360
180
424
240
72
400
96
124
448
200
288
280
104
116
128
272
222
400
400
140
208
280
84
340
352
144
520
300
80
272
164
160
544
320
280
432
160
240
160
286
360
296
344
168
200
310
100
400
448
200
720
224
104
520
180
260
576
244
328
480
160
164
224
340
314
640
520
264
232
400
124
440
580
176
712
392
120
288
160
272
864
500
320
448
160
400
256
344
388
392
720
258
264
260
132
620
544
340
720
480
160
680
224
248
800
288
424
504
240
212
352
410
360
720
592
280
256
600
148
520
806
224
904
480
152
576
200
340
928
560
576
696
208
320
320
620
484
444
728
280
344
320
160
680
820
520
1000
364
160
840
256
342
1024
440
432
864
280
260
352
400
648
800
880
408
360
800
180
704
576
272
1240
560
184
560
260
360
1120
640
568
672
400
400
320
588
546
720
784
444
392
430
232
816
820
500
1152
744
176
1000
340
440
1440
416
616
560
272
360
416
680
628
1040
1008
364
424
720
200
1016
1060
288
1280
726
248
656
288
400
1152
1000
664
984
312
560
544
496
676
628
1120
448
400
560
200
880
1152
580
1384
700
232
1240
320
420
1408
464
864
1056
320
356
480
884
762
1200
888
432
592
1000
244
992
1120
432
1296
560
248
640
520
544
1440
820
760
1120
336
640
512
850
720
776
1144
588
520
576
256
860
1300
660
1872
840
264
1320
320
682
1600
680
720
952
488
360
480
640
820
1600
1360
476
464
1040
328
1040
1120
400
1672
1080
280
848
448
612
1984
960
720
1272
400
880
576
880
868
720
1440
504
640
740
292
1360
1118
640
1768
672
352
1480
500
508
1792
868
800
1344
400
452
576
1000
916
1520
1312
864
616
800
308
1240
1800
464
1864
728
272
1152
416
580
1760
1300
1240
896
504
800
640
1040
864
968
1440
666
784
730
324
1360
1312
860
1960
1200
320
1600
520
620
1728
656
1000
1456
560
500
672
952
1224
1600
1256
588
680
1600
296
1364
1600
512
2448
1056
320
864
580
720
2080
1300
1048
1560
496
880
640
1100
1106
1296
1624
560
640
704
424
1360
1780
900
1720
1148
360
1800
480
672
2592
720
1096
1632
520
620
800
1088
936
1840
2160
840
744
1400
352
1584
1280
560
2248
1120
448
1136
484
816
2272
1600
1144
1120
640
800
992
1118
1156
1092
1552
1080
656
980
360
1480
2016
980
2344
1032
400
2320
660
744
2368
800
1152
1400
528
576
800
1550
1204
1760
1768
700
888
1360
404
1680
1800
720
2304
1344
408
1232
640
680
2464
1700
1240
2160
656
1040
704
992
1562
1256
2000
728
768
936
420
1768
1696
1060
3024
1260
344
2000
672
1028
2560
848
1288
1728
880
640
864
1220
1160
2480
1440
984
872
1800
520
1760
1924
576
2632
1120
440
1328
640
820
2880
1680
1440
1568
592
1360
800
1300
1348
1352
2480
942
904
896
392
2176
2260
1000
2728
1560
544
2000
608
968
2592
1440
1384
1624
560
692
1120
1360
1280
2320
2320
868
936
1640
480
1720
2304
704
2448
1740
472
1728
676
880
2880
1280
1440
2136
800
1200
960
1736
1224
1524
1936
840
1240
1110
484
1440
2186
1480
2816
1120
488
2440
860
1040
2720
1040
1480
2592
640
648
992
1700
1800
2480
2296
960
848
2080
500
1984
2500
720
3600
1120
504
1520
640
1360
3040
2100
1296
1792
832
1280
928
1368
1540
1440
2560
1164
1032
1232
620
1960
1728
1300
3200
2160
480
2560
820
946
3744
1040
1576
1848
880
936
896
1300
1440
2640
2592
924
1064
2000
512
2604
2464
800
2960
1632
576
1440
900
1156
3232
2420
1624
2160
720
1200
1312
1760
1760
1640
1872
1120
1096
1088
548
2312
3100
1160
3304
1568
552
3280
736
1016
2752
1400
2016
2400
800
836
1120
1440
1742
2800
2800
1272
1256
2080
444
2232
2272
992
3456
1680
568
1440
1120
1060
3424
1600
1720
2464
800
1440
1152
1722
2088
1736
2184
1080
1040
1800
544
2448
2548
1600
3744
1776
584
2920
980
1240
3520
1204
1768
1792
928
884
1184
2040
1512
3520
2440
1036
1280
2000
712
2056
2880
896
3600
2418
576
1600
704
1120
4320
2500
1816
2712
952
1440
1216
1760
1640
1832
3600
1064
1040
1280
612
2880
2464
1540
3456
1400
744
3080
884
1300
3712
1440
1720
2784
1040
932
1280
1904
1876
2720
2512
1728
1256
2600
640
2552
2952
880
3784
1456
592
2480
1060
1088
3808
2340
2304
2240
800
1600
1088
2540
1862
1728
2968
1452
1552
1152
644
2220
3200
1960
3880
2184
560
3240
992
1240
3904
1640
1760
2408
936
980
1312
1600
2376
3200
2880
1120
1408
2800
660
2600
2656
864
4752
2460
664
2000
960
1768
