(1, 1, 1, 2)1
6
14
20
30
40
36
48
62
42
72
100
68
120
112
48
126
108
98
180
136
160
180
144
132
126
216
200
240
280
112
192
254
120
252
320
210
360
324
144
264
252
288
420
340
280
336
288
260
342
294
360
408
520
360
240
496
216
504
580
240
600
448
336
510
288
280
660
540
480
576
432
434
444
648
420
612
800
336
480
520
366
588
820
544
720
756
336
660
540
504
960
720
640
672
432
516
588
798
700
630
1000
648
624
792
384
936
1060
680
1080
560
432
1008
684
504
960
952
840
1044
864
496
666
1080
840
960
1040
784
768
1022
504
672
1300
600
1440
1188
480
1116
828
864
1380
1088
960
1008
720
882
672
1036
1140
1224
1480
756
912
1188
756
1440
1280
720
1560
1120
624
1032
1152
854
1620
1260
800
1476
1008
1056
942
1296
1260
1428
1720
784
1008
1300
696
1260
1780
952
1800
1728
720
1488
864
1152
1800
1440
1600
1008
1152
1028
1164
1372
960
1710
1960
1260
1200
1302
792
1800
2240
1224
1680
1456
1008
1560
1080
896
2100
1768
1440
1908
1008
1320
1536
1944
1480
1200
2160
1008
1344
2032
882
1596
2260
1080
2280
1728
960
1848
1404
1512
1920
1972
1600
2016
1440
1008
1452
1554
1820
2040
2280
1512
1296
1984
984
1872
2500
1680
2400
1792
864
2046
1548
1176
2880
1440
1960
2340
1584
1240
1248
2592
1800
2244
2680
1120
1632
2268
1152
1932
2100
1632
2760
2484
1344
2112
1692
1728
2820
2160
1440
1680
2016
1778
1842
1568
1960
2220
2920
2052
1392
2376
1200
2664
2880
1428
3360
2128
1200
2340
1440
1764
3060
2720
2080
2304
1872
1488
1884
2808
2240
2400
3160
1456
1680
2056
1272
2688
3240
1830
2520
2916
1296
2604
2304
1440
3300
2788
2520
2352
1584
2080
2028
2198
2280
2448
3200
2268
2400
2772
1152
3096
3460
1680
3480
2352
1440
2580
2124
1624
2880
2700
2880
3204
2160
1848
2058
3240
2220
3264
2960
1680
2208
3024
1764
2016
4160
2176
3720
3240
1248
2976
2016
2880
3780
2160
2560
2688
2304
2052
1920
2716
2940
2940
3880
1728
2592
3534
1560
3528
3200
2380
3960
2800
1728
2646
2412
1848
3840
3400
2440
4032
2160
2376
2460
3024
2760
3120
4640
2352
1968
3096
1656
2520
4180
1920
4200
3780
2016
3432
2268
2592
4800
3604
2400
2352
2592
2600
2604
3584
2240
3672
4320
2664
2640
2480
2394
3888
4420
2160
3600
3136
1776
4080
2700
2058
4200
3420
3040
4068
2304
2232
2748
4104
3600
3264
4600
2240
2784
3640
1536
3276
4660
2856
5280
3456
1872
3828
2520
2880
3780
4320
3640
3360
2880
2032
2592
3388
3840
3330
3920
3276
2928
3960
1944
4104
4900
2856
5040
3024
1680
4032
3456
2296
4980
3536
3360
4500
3024
3472
2400
4320
3140
3840
5080
2016
3552
4094
2160
3612
4160
2520
4800
5184
2064
2976
3132
3528
5220
4420
3360
3696
3456
2520
3318
2912
4060
4896
5040
3240
2544
4356
2136
4824
5700
2400
5400
3808
2160
4572
2592
2688
5460
4140
4200
3780
3024
3168
3840
4968
2880
4692
5560
3136
3024
4160
2160
3948
5620
3264
4560
5076
2928
4464
3420
2592
5700
3600
3840
4704
3024
3570
3468
4298
3880
3360
6560
3528
3120
4588
2016
5256
5860
3876
5760
3248
2352
4680
3564
2800
5760
5032
4000
5184
3600
2772
3612
6048
4620
4560
4440
2800
3648
4644
2688
3360
5760
3780
6120
5508
2016
5280
3708
3744
6180
4352
4800
4368
4320
3024
3126
4396
3600
5304
6480
4032
3792
4960
2520
5688
5120
3120
6840
3920
3024
4104
3852
2968
6420
5760
3360
5832
3888
3782
3480
4536
5120
5508
6520
3024
3120
5292
3108
5376
6580
2720
6600
5940
2592
5412
3456
4536
6720
5040
4480
3696
3600
4128
4044
4732
4200
4710
6760
4104
4704
4752
2712
5760
6820
4284
5520
5600
2736
5460
3744
2688
6900
5848
5600
6228
3312
3472
4536
6264
4680
5040
7000
3360
3888
5140
2304
4956
8000
3480
7080
5184
3360
5580
4608
5184
4800
6052
4800
5040
4320
3640
4992
4802
4840
6120
5880
3996
4368
6336
3282
5328
7560
3600
7320
5152
2736
6096
3960
4116
7380
4320
4320
7488
4464
4224
3552
6696
5740
6120
8480
2912
4512
6048
3000
4704
6080
5440
7560
6804
2880
4464
4572
4608
8640
5760
5040
5376
4176
4100
4620
4480
5160
5820
7720
5292
4032
6076
3456
6984
7560
3264
7200
6048
3360
7182
3744
3640
7860
6664
5280
5760
5472
4620
4320
7128
4160
6000
7960
4032
5184
5334
3780
5628
7400
3960
7680
6912
3216
6600
4860
4392
8100
7616
5440
5040
3888
4680
4536
5740
6720
5712
8200
4968
4944
6448
2520
8352
8260
5040
8280
4592
3312
6168
6156
3864
6720
5400
6400
7524
5040
3968
4878
7560
5640
7140
6280
4704
5328
6760
3384
5292
8640
4896
8520
8640
3024
6996
5148
4320
8580
5040
6720
6048
5184
5160
4128
6076
6140
7680
8000
4032
4752
7128
4116
7776
8320
5032
8760
6160
3504
5040
5292
5586
8820
7344
4640
7956
5328
4464
6144
6480
6100
6720
8640
4144
4272
8176
3456
6300
8960
4410
9360
7560
4032
7068
4320
5472
9060
7684
7000
5376
5472
4536
4920
6412
4800
7752
10400
6480
5520
6336
3672
8280
8640
4800
7560
6496
4368
7224
5580
3584
10260
7020
6240
8388
4320
5544
5628
9504
6280
6528
9400
4368
6048
7540
3840
5880
9460
5440
8880
6804
3792
8928
5724
6552
7680
7200
5600
6720
6624
4080
5958
6048
7420
7260
7760
6912
5808
6882
3888
7056
9700
6188
11040
6832
3024
7800
5868
4536
9000
7752
7560
8820
5904
5544
4704
9072
7680
6480
10080
3920
5952
8128
3960
8064
8000
4920
9960
8964
4320
6864
