(1, 1, 2, 2)1
4
8
16
24
24
32
32
24
52
48
48
96
56
64
96
24
72
104
80
144
128
96
96
96
124
112
160
192
120
192
128
24
192
144
192
312
152
160
224
144
168
256
176
288
312
192
192
96
228
248
288
336
216
320
288
192
320
240
240
576
248
256
416
24
336
384
272
432
384
384
288
312
296
304
496
480
384
448
320
144
484
336
336
768
432
352
480
288
360
624
448
576
512
384
480
96
392
456
624
744
408
576
416
336
768
432
432
960
440
576
608
192
456
640
576
720
728
480
576
576
532
496
672
768
624
832
512
24
704
672
528
1152
640
544
960
432
552
768
560
1152
768
576
672
312
720
592
912
912
600
992
608
480
936
768
768
1344
632
640
864
144
768
968
656
1008
1152
672
672
768
732
864
1040
1056
696
960
992
288
960
720
720
1872
728
896
992
576
912
1024
864
1152
1280
960
768
96
776
784
1344
1368
792
1248
800
744
1088
816
960
1728
1008
832
1248
336
960
1536
848
1296
1152
864
1056
960
1024
880
1184
1728
1008
1216
896
192
1612
912
912
1920
920
1152
1536
720
936
1456
1152
1440
1280
1152
960
576
968
1064
1456
1488
1368
1344
1120
768
1344
1248
1008
2496
1152
1024
1728
24
1032
1408
1216
2016
1560
1056
1056
1152
1296
1280
1440
1632
1080
1920
1088
432
1792
1104
1488
2304
1112
1120
1664
1152
1128
1536
1136
1728
1920
1344
1344
312
1228
1440
1568
1776
1176
1824
1440
912
1920
1200
1344
2976
1408
1216
1632
480
1488
1872
1232
2304
1664
1536
1248
1344
1256
1264
2496
1920
1272
1728
1440
144
1728
1536
1440
2904
1736
1312
1760
1008
1536
2304
1328
2016
1976
1344
1632
768
1352
1464
1824
2592
1536
2080
1600
1056
2304
1392
1392
2880
1400
1984
2240
288
1416
1920
1728
2160
2304
1440
1440
1872
1524
1456
2128
2688
1776
1984
1472
576
2184
1824
1728
3072
1496
1728
2496
1152
1680
2560
1520
2880
2048
1536
1536
96
2304
1552
2288
2352
1560
2688
1728
1368
2112
1584
1920
3744
1592
1600
2560
744
1608
2176
1792
2448
2904
1920
1824
1728
1640
2016
2208
2496
1920
2496
2016
336
2240
1920
1680
4608
1688
1696
2496
1296
2232
2304
1984
2592
2688
2112
1728
960
1736
2048
2880
2640
1920
2368
1760
1728
2964
2016
1776
3648
2160
1792
2400
192
1800
3224
2016
2736
2432
1824
2688
1920
1832
1840
2880
3456
1848
3072
1856
720
3072
1872
1872
4368
2176
2304
2528
1440
2112
2560
2480
3456
2808
1920
1920
576
2128
1936
3072
3192
2352
2912
1952
1488
2624
2736
1968
4032
2160
2240
3744
768
2304
2688
2000
3744
2688
2016
2016
2496
2448
2304
2928
3072
2040
3456
2368
24
3200
2064
2496
4224
2304
2432
2784
2016
2088
3120
2096
3168
3968
2112
2304
1152
2212
2592
3120
3840
2352
2880
2592
1632
2880
2160
2736
5760
2168
2176
2912
432
2640
3584
2192
3312
3224
2976
2400
2304
2560
2224
3648
3360
2232
3328
2464
1152
3456
2256
2256
4608
2736
2272
3872
1728
2280
3840
2288
4032
3072
2688
2976
312
2312
2456
3104
4320
2688
3136
2592
1776
4368
2352
2352
5472
2560
2880
3168
912
2376
3840
3456
3600
3200
2688
2400
2976
2408
2816
3536
3648
3192
3264
2432
480
3840
2976
2688
5616
2456
2464
4032
2304
2472
3328
2480
4608
3840
2496
2880
1344
3124
2512
3840
3792
2736
4992
2528
1920
3392
2544
3072
5184
3192
2880
3744
144
2568
3456
2576
4608
4224
2880
2592
2904
2880
3472
4096
3936
2616
3520
3168
1008
3848
3072
2640
6912
2648
2656
4032
2016
3840
3952
2880
4032
3584
3264
2976
768
2696
2704
4960
4392
2712
3648
3136
2592
3648
3072
2736
6240
3312
3200
3680
1056
3024
4608
2768
4176
4992
2784
3360
2880
3024
2800
3744
5952
2808
4480
3040
288
4608
2832
3264
5760
2840
3456
4160
2160
3072
4608
4032
4320
3840
2880
2880
1872
3328
3048
3872
4368
3720
4256
2912
2688
4372
3552
3168
5952
2936
2944
5472
576
3264
4368
2960
5472
4480
3456
2976
3072
3600
2992
4368
5184
3456
4992
3008
1152
4032
3360
3648
7680
3032
3040
4608
2880
3048
4096
3520
4608
5616
3072
3360
96
3080
4608
4128
4656
3096
4576
3968
2352
4864
3120
3360
8064
3456
3456
4800
1368
3792
4224
3152
4752
4224
3840
3648
3744
3472
3184
5184
4800
3192
5120
3456
744
4680
3216
3552
6528
4608
3584
4320
2448
3240
5808
3248
5760
4352
3648
3936
1728
3520
3280
5824
6048
3288
4416
3296
2496
5952
3840
3312
7488
3320
4032
4448
336
4104
4480
4032
5760
5120
3360
3360
4608
3484
3376
4512
5088
4392
4992
4256
1296
4544
4464
3648
6912
3416
3968
6240
2592
3432
5376
3440
6336
5376
3456
3456
960
4176
3472
4912
6144
3840
5760
3808
2640
5096
3840
4992
7104
3512
3520
4704
1728
3528
5928
3536
6048
5760
3552
3552
3648
4096
4320
5808
5376
3840
4800
4320
192
5376
3600
3840
9672
3888
4032
5632
2736
4368
4864
3632
5472
5304
5376
3648
1920
4032
3664
5952
5520
4224
5760
3680
3456
4928
3696
4032
9216
4712
3712
5408
720
3720
6144
4560
5616
4992
3744
5184
4368
3752
4352
5024
6912
3768
5056
4032
1440
7680
4224
3792
7680
4144
4960
5088
3456
3816
5616
4608
5760
5760
3840
4416
576
3972
4256
5616
5808
4656
6144
3872
3192
5760
4704
3888
8736
4480
3904
6944
1488
3912
5248
4320
8208
5720
3936
3936
4032
4752
4320
6144
6720
4224
7488
3968
768
5312
4608
4800
8064
3992
4000
6080
3744
