(1, 1, 1, 1)1
8
24
32
24
48
96
64
24
104
144
96
96
112
192
192
24
144
312
160
144
256
288
192
96
248
336
320
192
240
576
256
24
384
432
384
312
304
480
448
144
336
768
352
288
624
576
384
96
456
744
576
336
432
960
576
192
640
720
480
576
496
768
832
24
672
1152
544
432
768
1152
576
312
592
912
992
480
768
1344
640
144
968
1008
672
768
864
1056
960
288
720
1872
896
576
1024
1152
960
96
784
1368
1248
744
816
1728
832
336
1536
1296
864
960
880
1728
1216
192
912
1920
1152
720
1456
1440
1152
576
1064
1488
1344
768
1248
2496
1024
24
1408
2016
1056
1152
1280
1632
1920
432
1104
2304
1120
1152
1536
1728
1344
312
1440
1776
1824
912
1200
2976
1216
480
1872
2304
1536
1344
1264
1920
1728
144
1536
2904
1312
1008
2304
2016
1344
768
1464
2592
2080
1056
1392
2880
1984
288
1920
2160
1440
1872
1456
2688
1984
576
1824
3072
1728
1152
2560
2880
1536
96
1552
2352
2688
1368
1584
3744
1600
744
2176
2448
1920
1728
2016
2496
2496
336
1920
4608
1696
1296
2304
2592
2112
960
2048
2640
2368
1728
2016
3648
1792
192
3224
2736
1824
1920
1840
3456
3072
720
1872
4368
2304
1440
2560
3456
1920
576
1936
3192
2912
1488
2736
4032
2240
768
2688
3744
2016
2496
2304
3072
3456
24
2064
4224
2432
2016
3120
3168
2112
1152
2592
3840
2880
1632
2160
5760
2176
432
3584
3312
2976
2304
2224
3360
3328
1152
2256
4608
2272
1728
3840
4032
2688
312
2456
4320
3136
1776
2352
5472
2880
912
3840
3600
2688
2976
2816
3648
3264
480
2976
5616
2464
2304
3328
4608
2496
1344
2512
3792
4992
1920
2544
5184
2880
144
3456
4608
2880
2904
3472
3936
3520
1008
3072
6912
2656
2016
3952
4032
3264
768
2704
4392
3648
2592
3072
6240
3200
1056
4608
4176
2784
2880
2800
5952
4480
288
2832
5760
3456
2160
4608
4320
2880
1872
3048
4368
4256
2688
3552
5952
2944
576
4368
5472
3456
3072
2992
5184
4992
1152
3360
7680
3040
2880
4096
4608
3072
96
4608
4656
4576
2352
3120
8064
3456
1368
4224
4752
3840
3744
3184
4800
5120
744
3216
6528
3584
2448
5808
5760
3648
1728
3280
6048
4416
2496
3840
7488
4032
336
4480
5760
3360
4608
3376
5088
4992
1296
4464
6912
3968
2592
5376
6336
3456
960
3472
6144
5760
2640
3840
7104
3520
1728
5928
6048
3552
3648
4320
5376
4800
192
3600
9672
4032
2736
4864
5472
5376
1920
3664
5520
5760
3456
3696
9216
3712
720
6144
5616
3744
4368
4352
6912
5056
1440
4224
7680
4960
3456
5616
5760
3840
576
4256
5808
6144
3192
4704
8736
3904
1488
5248
8208
3936
4032
4320
6720
7488
768
4608
8064
4000
3744
5376
6048
4032
2496
4896
6912
5856
3072
4080
10368
4736
24
6400
6192
4992
4224
4608
7296
5568
2016
4176
9360
4192
3168
7936
6336
4608
1152
4424
7776
6240
3840
4704
8640
5184
1632
5760
6480
5472
5760
4336
6528
5824
432
5280
10752
4384
3312
6448
8928
4800
2304
5120
6672
7296
3360
4464
9984
4928
1152
6912
6768
4512
4608
5472
6816
7744
1728
4560
11520
4576
4032
6144
8064
5952
312
4624
7368
6208
4320
5376
9408
5184
1776
8736
7056
4704
5472
5120
8640
6336
912
4752
11520
6912
3600
6400
8064
4800
2976
4816
8448
7072
3648
6384
9792
4864
480
7680
8928
5376
5616
4912
7392
8064
2304
4944
9984
4960
4608
7680
7488
5760
1344
6248
7536
7680
3792
5472
14976
5056
1920
6784
7632
6144
5184
6384
8640
7488
144
5136
10368
5152
4608
8448
8640
5184
2904
5760
10416
8192
3936
5232
10560
6336
1008
7696
9216
5280
6912
5296
7968
8064
2016
7680
11856
5760
4032
7168
9792
5952
768
5392
8112
9920
4392
5424
10944
6272
2592
7296
9216
5472
6240
6624
9600
7360
1056
6048
13824
5536
4176
9984
8352
6720
2880
6048
8400
7488
5952
5616
13440
6080
288
9216
8496
6528
5760
5680
10368
8320
2160
6144
13824
8064
4320
7680
8640
5760
1872
6656
9144
7744
4368
7440
12768
5824
2688
8744
10656
6336
5952
5872
8832
10944
576
6528
13104
5920
5472
8960
10368
5952
3072
7200
8976
8736
5184
6912
14976
6016
1152
8064
10080
7296
7680
6064
9120
9216
2880
6096
12288
7040
4608
11232
9216
6720
96
6160
13824
8256
4656
6192
13728
7936
2352
9728
9360
6720
8064
6912
10368
9600
1368
7584
12672
6304
4752
8448
11520
7296
3744
6944
9552
10368
4800
6384
15360
6912
744
9360
9648
7104
6528
9216
10752
8640
2448
6480
17424
6496
5760
8704
10944
7872
1728
7040
9840
11648
6048
6576
13248
6592
2496
11904
11520
6624
7488
6640
12096
8896
336
8208
13440
8064
5760
10240
10080
6720
4608
6968
10128
9024
5088
8784
14976
8512
1296
9088
13392
7296
6912
6832
11904
12480
2592
6864
16128
6880
6336
10752
10368
6912
960
8352
10416
9824
6144
7680
17280
7616
2640
10192
11520
9984
7104
7024
10560
9408
1728
7056
17784
7072
6048
11520
10656
7104
3648
8192
12960
11616
5376
7680
14400
8640
192
10752
10800
7680
9672
7776
12096
11264
2736
8736
14592
7264
5472
10608
16128
7296
1920
8064
10992
11904
5520
8448
17280
7360
3456
9856
11088
8064
9216
9424
11136
10816
720
7440
18432
9120
5616
9984
11232
10368
4368
7504
13056
10048
6912
7536
15168
8064
1440
15360
12672
7584
7680
8288
14880
10176
3456
7632
16848
9216
5760
11520
11520
8832
576
7944
12768
11232
5808
9312
18432
7744
3192
11520
14112
7776
8736
8960
11712
13888
1488
7824
15744
8640
8208
11440
11808
7872
4032
9504
12960
12288
6720
8448
22464
7936
768
10624
13824
9600
8064
7984
12000
12160
3744
