(1, 1, 1, 4)1
6
12
8
8
36
48
16
24
78
72
24
32
84
96
48
24
108
156
40
48
192
144
48
96
186
168
80
64
180
288
64
24
288
216
96
104
228
240
112
144
252
384
88
96
468
288
96
96
342
372
144
112
324
480
144
192
480
360
120
192
372
384
208
24
504
576
136
144
576
576
144
312
444
456
248
160
576
672
160
144
726
504
168
256
648
528
240
288
540
936
224
192
768
576
240
96
588
684
312
248
612
864
208
336
1152
648
216
320
660
864
304
192
684
960
288
240
1092
720
288
576
798
744
336
256
936
1248
256
24
1056
1008
264
384
960
816
480
432
828
1152
280
384
1152
864
336
312
1080
888
456
304
900
1488
304
480
1404
1152
384
448
948
960
432
144
1152
1452
328
336
1728
1008
336
768
1098
1296
520
352
1044
1440
496
288
1440
1080
360
624
1092
1344
496
576
1368
1536
432
384
1920
1440
384
96
1164
1176
672
456
1188
1872
400
744
1632
1224
480
576
1512
1248
624
336
1440
2304
424
432
1728
1296
528
960
1536
1320
592
576
1512
1824
448
192
2418
1368
456
640
1380
1728
768
720
1404
2184
576
480
1920
1728
480
576
1452
1596
728
496
2052
2016
560
768
2016
1872
504
832
1728
1536
864
24
1548
2112
608
672
2340
1584
528
1152
1944
1920
720
544
1620
2880
544
432
2688
1656
744
768
1668
1680
832
1152
1692
2304
568
576
2880
2016
672
312
1842
2160
784
592
1764
2736
720
912
2880
1800
672
992
2112
1824
816
480
2232
2808
616
768
2496
2304
624
1344
1884
1896
1248
640
1908
2592
720
144
2592
2304
720
968
2604
1968
880
1008
2304
3456
664
672
2964
2016
816
768
2028
2196
912
864
2304
3120
800
1056
3456
2088
696
960
2100
2976
1120
288
2124
2880
864
720
3456
2160
720
1872
2286
2184
1064
896
2664
2976
736
576
3276
2736
864
1024
2244
2592
1248
1152
2520
3840
760
960
3072
2304
768
96
3456
2328
1144
784
2340
4032
864
1368
3168
2376
960
1248
2388
2400
1280
744
2412
3264
896
816
4356
2880
912
1728
2460
3024
1104
832
2880
3744
1008
336
3360
2880
840
1536
2532
2544
1248
1296
3348
3456
992
864
4032
3168
864
960
2604
3072
1440
880
2880
3552
880
1728
4446
3024
888
1216
3240
2688
1200
192
2700
4836
1008
912
3648
2736
1344
1920
2748
2760
1440
1152
2772
4608
928
720
4608
2808
936
1456
3264
3456
1264
1440
3168
3840
1240
1152
4212
2880
960
576
3192
2904
1536
1064
3528
4368
976
1488
3936
4104
984
1344
3240
3360
1872
768
3456
4032
1000
1248
4032
3024
1008
2496
3672
3456
1464
1024
3060
5184
1184
24
4800
3096
1248
1408
3456
3648
1392
2016
3132
4680
1048
1056
5952
3168
1152
1152
3318
3888
1560
1280
3528
4320
1296
1632
4320
3240
1368
1920
3252
3264
1456
432
3960
5376
1096
1104
4836
4464
1200
2304
3840
3336
1824
1120
3348
4992
1232
1152
5184
3384
1128
1536
4104
3408
1936
1728
3420
5760
1144
1344
4608
4032
1488
312
3468
3684
1552
1440
4032
4704
1296
1776
6552
3528
1176
1824
3840
4320
1584
912
3564
5760
1728
1200
4800
4032
1200
2976
3612
4224
1768
1216
4788
4896
1216
480
5760
4464
1344
1872
3684
3696
2016
2304
3708
4992
1240
1536
5760
3744
1440
1344
4686
3768
1920
1264
4104
7488
1264
1920
5088
3816
1536
1728
4788
4320
1872
144
3852
5184
1288
1536
6336
4320
1296
2904
4320
5208
2048
1312
3924
5280
1584
1008
5772
4608
1320
2304
3972
3984
2016
2016
5760
5928
1440
1344
5376
4896
1488
768
4044
4056
2480
1464
4068
5472
1568
2592
5472
4608
1368
2080
4968
4800
1840
1056
4536
6912
1384
1392
7488
4176
1680
2880
4536
4200
1872
1984
4212
6720
1520
288
6912
4248
1632
1920
4260
5184
2080
2160
4608
6912
2016
1440
5760
4320
1440
1872
4992
4572
1936
1456
5580
6384
1456
2688
6558
5328
1584
1984
4404
4416
2736
576
4896
6552
1480
1824
6720
5184
1488
3072
5400
4488
2184
1728
5184
7488
1504
1152
6048
5040
1824
2560
4548
4560
2304
2880
4572
6144
1760
1536
8424
4608
1680
96
4620
6912
2064
1552
4644
6864
1984
2352
7296
4680
1680
2688
5184
5184
2400
1368
5688
6336
1576
1584
6336
5760
1824
3744
5208
4776
2592
1600
4788
7680
1728
744
7020
4824
1776
2176
6912
5376
2160
2448
4860
8712
1624
1920
6528
5472
1968
1728
5280
4920
2912
2016
4932
6624
1648
2496
8928
5760
1656
2496
4980
6048
2224
336
6156
6720
2016
1920
7680
5040
1680
4608
5226
5064
2256
1696
6588
7488
2128
1296
6816
6696
1824
2304
5124
5952
3120
2592
5148
8064
1720
2112
8064
5184
1728
960
6264
5208
2456
2048
5760
8640
1904
2640
7644
5760
2496
2368
5268
5280
2352
1728
5292
8892
1768
2016
8640
5328
1776
3648
6144
6480
2904
1792
5760
7200
2160
192
8064
5400
1920
3224
5832
6048
2816
2736
6552
7296
1816
1824
7956
8064
1824
1920
6048
5496
2976
1840
6336
8640
1840
3456
7392
5544
2016
3072
7068
5568
2704
720
5580
9216
2280
1872
7488
5616
2592
4368
5628
6528
2512
2304
5652
7584
2016
1440
11520
6336
1896
2560
6216
7440
2544
3456
5724
8424
2304
1920
8640
5760
2208
576
5958
6384
2808
1936
6984
9216
1936
3192
8640
7056
1944
2912
6720
5856
3472
1488
5868
7872
2160
2736
8580
5904
1968
4032
7128
6480
3072
2240
6336
11232
1984
768
7968
6912
2400
2688
5988
6000
3040
3744
