(1, 1, 2, 3)1
4
6
10
20
20
24
40
22
28
56
20
50
80
28
80
84
32
78
80
68
100
120
80
88
124
56
82
136
100
140
200
86
80
192
72
140
240
120
200
248
80
112
176
100
260
224
160
210
172
186
128
272
180
240
400
124
200
280
116
272
400
140
280
340
144
300
272
160
320
432
240
286
296
168
310
400
200
224
520
260
244
480
164
340
640
264
400
440
176
392
288
272
500
448
400
344
392
258
260
620
340
480
680
248
288
504
212
410
720
280
600
520
224
480
576
340
560
696
320
620
444
280
320
680
520
364
840
342
440
864
260
400
800
408
800
704
272
560
560
360
640
672
400
588
720
444
430
816
500
744
1000
440
416
560
360
680
1040
364
720
1016
288
726
656
400
1000
984
560
496
628
448
560
880
580
700
1240
420
464
1056
356
884
1200
432
1000
992
432
560
640
544
820
1120
640
850
776
588
576
860
660
840
1320
682
680
952
360
640
1600
476
1040
1040
400
1080
848
612
960
1272
880
880
720
504
740
1360
640
672
1480
508
868
1344
452
1000
1520
864
800
1240
464
728
1152
580
1300
896
800
1040
968
666
730
1360
860
1200
1600
620
656
1456
500
952
1600
588
1600
1364
512
1056
864
720
1300
1560
880
1100
1296
560
704
1360
900
1148
1800
672
720
1632
620
1088
1840
840
1400
1584
560
1120
1136
816
1600
1120
800
1118
1092
1080
980
1480
980
1032
2320
744
800
1400
576
1550
1760
700
1360
1680
720
1344
1232
680
1700
2160
1040
992
1256
728
936
1768
1060
1260
2000
1028
848
1728
640
1220
2480
984
1800
1760
576
1120
1328
820
1680
1568
1360
1300
1352
942
896
2176
1000
1560
2000
968
1440
1624
692
1360
2320
868
1640
1720
704
1740
1728
880
1280
2136
1200
1736
1524
840
1110
1440
1480
1120
2440
1040
1040
2592
648
1700
2480
960
2080
1984
720
1120
1520
1360
2100
1792
1280
1368
1440
1164
1232
1960
1300
2160
2560
946
1040
1848
936
1300
2640
924
2000
2604
800
1632
1440
1156
2420
2160
1200
1760
1640
1120
1088
2312
1160
1568
3280
1016
1400
2400
836
1440
2800
1272
2080
2232
992
1680
1440
1060
1600
2464
1440
1722
1736
1080
1800
2448
1600
1776
2920
1240
1204
1792
884
2040
3520
1036
2000
2056
896
2418
1600
1120
2500
2712
1440
1760
1832
1064
1280
2880
1540
1400
3080
1300
1440
2784
932
1904
2720
1728
2600
2552
880
1456
2480
1088
2340
2240
1600
2540
1728
1452
1152
2220
1960
2184
3240
1240
1640
2408
980
1600
3200
1120
2800
2600
864
2460
2000
1768
2240
3000
1680
1612
2448
1120
1570
2856
1700
1792
2960
1366
1640
3072
1224
2200
3200
1296
2320
3168
1040
1960
2096
1300
3100
2464
1600
1680
2212
1944
1508
2720
1600
2640
4240
1496
1424
2520
860
2720
3600
1260
3000
2752
1296
1728
2192
1360
2800
3720
2000
2480
1872
1288
1728
2800
1860
1820
3520
1512
1600
3360
1124
2176
4480
1704
2440
2976
1136
2800
2288
1360
2560
2240
2480
2380
2312
1638
1940
3600
1640
2352
3600
1628
1872
2744
1172
2150
4000
1624
2640
3120
1184
2460
2304
1700
3300
3456
2000
2728
2408
1232
1904
3400
2220
2380
4040
1720
1440
4320
1152
2080
4080
1848
4000
2480
1232
1904
2480
1800
3200
2912
1760
2600
3124
1884
1600
3536
1920
3024
4200
1612
2120
2968
1512
2448
3440
1400
3120
4088
1280
3180
2576
1440
3520
3840
2160
2662
2320
1736
1800
3280
2180
2016
5200
1680
2072
3456
1316
3400
4400
1992
2560
3608
1440
2184
2880
1904
3700
3808
2000
2032
2696
2028
2542
3140
2260
3360
3920
1984
1808
2800
1364
2800
5440
1400
3800
3696
1296
3456
2768
1972
2600
4152
2800
3100
2560
1624
1856
4216
2340
2240
4800
1700
2880
4224
1224
2320
4720
2592
3640
3872
1440
2240
2880
1780
3200
3360
2400
3380
2448
2286
2420
4080
3100
2664
4840
1584
2188
4144
1408
3400
4880
1708
3440
4064
1360
3360
2960
2160
4000
3888
2480
2480
3600
1736
2132
3200
2120
3640
5000
2080
2000
4320
1800
2788
5040
2280
4000
4960
1520
2352
2592
2176
4480
3584
2320
3410
3080
2160
2048
3880
2580
3432
6200
2156
2160
3640
1600
2880
4800
1792
4000
3612
1872
3900
3152
2244
3520
5616
2240
3080
2880
1848
3240
4488
2660
2240
5120
2666
2288
4800
1480
3400
5760
2160
3600
4216
1616
3416
3248
1800
4500
3360
3280
2688
3520
2460
2016
5440
2740
4080
5480
2108
2480
3248
1652
3536
5520
2296
4600
4112
1376
3360
4032
2000
4100
5016
2800
3960
3484
1960
2240
4240
3140
3136
4440
2340
2840
5952
1728
3264
5680
2160
5200
4664
1712
2800
3440
2992
3200
4032
2880
3440
4176
2604
2730
3600
2600
4320
5440
2232
2744
4480
1872
3700
5840
2044
3920
5200
1760
3354
3536
2176
5800
5304
2960
2976
3024
2464
2420
5032
3200
3500
7120
2044
2304
5376
1800
4340
5760
2400
4400
4928
2160
2800
3632
2260
4420
4032
3040
4200
3280
2748
2880
5168
2600
3936
6120
3168
3080
4312
1728
2720
7440
2156
4760
5080
1856
5400
3440
2320
4160
5592
3200
3224
3752
1904
3140
5760
3140
2912
6400
2436
2880
5280
1892
4420
5920
3720
4240
3968
1904
3528
4608
2720
5000
4480
2720
4112
3724
2592
2756
4840
3880
4320
6440
2442
2560
5488
1940
3650
5600
2268
6200
5200
1952
3936
3520
2924
5040
5880
3280
4400
4752
2240
2304
5440
3520
3640
6600
2540
3320
5184
2376
3280
6640
3000
4920
6448
