(1, 1, 1, 5)1
6
12
8
6
26
36
24
28
42
72
72
8
48
108
48
54
64
84
120
26
72
144
88
84
126
216
80
24
180
156
192
92
96
288
144
42
144
240
144
168
252
144
168
72
182
396
184
72
258
372
192
48
208
360
312
252
160
360
360
48
372
384
168
246
288
432
264
64
264
468
432
196
288
648
248
120
288
288
480
234
366
504
328
72
384
756
240
336
540
504
432
88
256
828
520
276
384
516
504
126
612
384
408
504
312
936
424
80
660
864
432
216
448
720
528
180
336
720
576
364
798
744
336
192
626
756
504
348
504
936
792
96
480
1188
480
672
544
528
840
144
552
864
576
378
780
1296
344
144
900
756
912
560
448
1296
832
144
624
960
624
552
792
732
648
252
576
1476
664
336
942
1248
840
168
688
1080
744
648
480
1080
1080
182
1092
864
496
924
864
1152
768
184
720
1440
1152
328
768
1728
624
258
784
1008
1200
868
792
1224
720
192
1092
1836
616
432
1440
864
1272
208
576
1908
1008
840
768
1320
864
312
1152
864
888
828
882
2016
904
160
1380
1716
864
840
928
1512
1104
360
640
1152
1440
432
1452
1596
728
372
1118
1512
960
896
984
1872
1512
168
1056
2268
832
1014
1024
1008
1296
288
1260
1584
1048
1008
1248
2160
720
264
1620
1560
1632
576
576
2448
1512
264
1104
1680
1344
1092
1692
1104
1128
432
960
2592
1008
644
1638
2160
1152
288
1168
1548
1560
1512
960
1800
1584
248
1512
1824
816
1080
1612
2016
1224
288
1224
2304
1872
672
1248
2808
1008
480
1264
1248
2160
1066
1272
1584
1280
366
1488
2916
880
1176
1656
1872
1992
328
1008
2988
1584
648
1344
1884
1344
384
2304
1680
1200
1764
1144
3096
1384
240
2100
2268
1440
1104
1408
2160
1872
540
768
2160
2160
1176
2286
2184
1064
432
1728
2232
1464
792
1764
2808
1872
256
1488
3456
1248
1932
1440
1440
2280
520
1512
2304
1528
1044
1728
3456
1176
384
2340
1728
2112
1204
1056
3528
2080
504
1584
2400
1440
1134
2412
1584
1536
612
1586
3240
1728
896
2460
3024
1632
408
1440
2772
1968
1656
1120
2880
2520
312
2532
2544
1288
2184
1984
2592
1488
424
1728
3276
2592
720
1728
3456
1440
660
1760
1728
2640
2016
1806
2304
1768
432
2340
3996
1200
984
2700
2604
3024
448
1216
4068
1872
1680
1824
2760
1920
528
2772
1728
1848
1620
1536
4176
1864
336
2376
3588
1872
1680
2016
2880
2520
576
1456
2880
2880
1196
2592
2904
1056
798
2304
3276
1944
1736
1944
3096
2952
336
1920
4320
2184
1728
1728
1968
3000
626
1992
3024
2008
1764
2652
4752
1256
504
3060
2304
2592
1372
1600
4608
2448
504
2208
2592
2064
2184
3132
2520
2088
792
1512
4716
2048
864
3042
4056
2520
480
2016
3240
2544
2772
1440
3240
3096
480
3252
3264
1456
2208
2860
2592
2184
544
2604
4464
3600
1232
1920
4968
1872
840
2224
2688
3024
1296
2304
3384
2248
552
2688
5076
1464
2016
3420
3120
3432
576
1536
4536
2728
1722
2304
3276
2304
780
2952
2304
2496
3024
2016
5256
2344
344
3840
4320
2352
1296
2368
4320
2496
900
1600
3168
3600
1764
3612
3024
1848
912
3458
3672
2424
1840
2160
4464
3312
448
2448
5508
2016
3024
2464
2448
3720
832
2640
3744
2160
1296
3126
5616
1920
624
3456
3276
3792
2240
1696
5688
3024
624
2064
4320
3024
2088
3852
2544
2568
792
2184
5760
2584
1708
4320
4536
2304
648
2608
3960
3432
2268
2016
3312
3960
576
3972
3984
1536
3444
2880
4536
2640
664
2664
5148
4464
1104
2688
6048
2480
942
2704
2688
3456
2912
2712
4608
2728
840
3264
5400
1840
1512
3744
3168
4152
688
2016
6228
3640
2520
2688
4200
2784
744
4212
2880
2880
2952
2392
6336
2448
480
4260
5184
3360
2520
2816
3456
3456
1080
1920
4320
4320
1638
3672
4572
1936
1092
3780
4788
2904
2016
3282
5616
4032
496
2928
6588
2064
3036
3168
3528
4440
864
2880
3744
2968
2688
3900
6696
2296
768
3816
3756
4512
1656
2016
6480
3952
720
3024
4560
3168
3360
4572
3024
2640
1152
2688
6876
2880
1352
4620
5616
3072
768
3088
5292
4032
4032
1728
4680
5040
624
5184
4224
2400
2322
3744
4752
3144
784
3144
5760
4032
2352
2976
7128
2704
1200
3184
2880
4416
2852
3780
4824
3456
792
3432
6912
2160
2856
4860
4392
4872
720
2176
7776
3888
1728
3360
4920
3024
1092
4932
3264
3288
4284
2976
6480
3304
616
4980
6396
3312
1968
2752
5040
3984
1440
2560
5040
5040
2016
5226
5064
2256
1272
4082
5796
3192
1872
3384
6048
4752
576
3408
6696
3640
4452
3424
3456
5160
1008
3024
5184
3448
2760
4128
7776
2184
768
5760
4680
4752
3080
2688
7920
3744
864
3504
5280
3504
2808
5292
3612
3528
1152
2880
7956
3544
2016
4536
6480
4392
888
3680
5400
4680
3132
2112
5400
5760
882
4992
6048
2016
4704
4732
5472
3624
904
4284
5184
5472
1440
3936
8208
2976
1380
3168
3840
5520
4004
3672
5544
3456
864
4464
8316
2856
2760
5580
4992
5160
928
2496
8388
4608
3528
3744
4752
3744
1104
5652
3744
3696
3240
3120
9072
3784
640
5184
7440
3792
2688
3808
6552
4992
1440
2880
5760
4896
1968
5958
5184
2968
1452
4608
4752
3864
3724
3840
7488
5832
728
3360
8748
3024
3348
3904
3888
6480
1118
4620
5904
3928
3528
4704
8640
2208
960
5544
6048
5952
2944
2656
7776
5200
984
3984
6000
4320
4368
