(1, 1, 3, 3)1
4
4
4
20
24
4
32
52
4
24
48
20
56
32
24
116
72
4
80
120
32
48
96
52
124
56
4
160
120
24
128
244
48
72
192
20
152
80
56
312
168
32
176
240
24
96
192
116
228
124
72
280
216
4
288
416
80
120
240
120
248
128
32
500
336
48
272
360
96
192
288
52
296
152
124
400
384
56
320
696
4
168
336
160
432
176
120
624
360
24
448
480
128
192
480
244
392
228
48
620
408
72
416
728
192
216
432
20
440
288
152
928
456
80
576
600
56
240
576
312
532
248
168
640
624
32
512
1012
176
336
528
240
640
272
24
936
552
96
560
960
192
288
672
116
720
296
228
760
600
124
608
1040
72
384
768
280
632
320
216
1464
768
4
656
840
288
336
672
416
732
432
80
880
696
120
992
1392
240
360
720
120
728
448
248
1248
912
128
864
960
32
480
768
500
776
392
336
1140
792
48
800
1612
272
408
960
360
1008
416
96
1624
960
192
848
1080
288
432
1056
52
1024
440
296
1440
1008
152
896
1952
124
456
912
400
920
576
384
1560
936
56
1152
1200
320
576
960
696
968
532
4
1240
1368
168
1120
1664
336
624
1008
160
1152
512
432
2036
1032
176
1216
1680
120
528
1056
624
1296
640
360
1360
1080
24
1088
2088
448
552
1488
480
1112
560
128
2496
1128
192
1136
1440
480
672
1344
244
1228
720
392
1480
1176
228
1440
1976
48
600
1344
620
1408
608
408
2320
1488
72
1232
1920
416
768
1248
728
1256
632
192
1600
1272
216
1440
3000
432
768
1440
20
1736
656
440
2184
1536
288
1328
1680
152
672
1632
928
1352
732
456
2160
1536
80
1600
2288
576
696
1392
600
1400
992
56
2928
1416
240
1728
1800
576
720
1440
312
1524
728
532
2240
1776
248
1472
2784
168
912
1728
640
1496
864
624
2496
1680
32
1520
2400
512
768
1536
1012
2304
776
176
1960
1560
336
1728
2964
528
792
1920
240
1592
800
640
3596
1608
272
1792
2040
24
960
1824
936
1640
1008
552
2080
1920
96
2016
3416
560
960
1680
960
1688
848
192
2808
2232
288
1984
2160
672
1056
1728
116
1736
1024
720
2200
1920
296
1760
3744
228
1008
1776
760
2160
896
600
4000
1800
124
2016
2280
608
912
2688
1040
1832
920
72
2880
1848
384
1856
3480
768
936
1872
280
2176
1152
632
3120
2112
320
2480
2880
216
960
1920
1464
2128
968
768
2660
2352
4
1952
3224
656
1368
1968
840
2160
1120
288
3712
2304
336
2000
3120
672
1008
2016
416
2448
1152
732
2560
2040
432
2368
4084
80
1032
2496
880
2304
1216
696
4368
2088
120
2096
2640
992
1056
2304
1392
2212
1296
240
3200
2352
360
2592
3536
720
1080
2736
120
2168
1088
728
4392
2640
448
2192
2760
248
1488
2400
1248
2560
1112
912
2800
2232
128
2464
5568
864
1128
2256
960
2736
1136
32
3744
2280
480
2288
3360
768
1344
2976
500
2312
1228
776
3600
2688
392
2592
3848
336
1176
2352
1140
2560
1440
792
4408
2376
48
3456
3000
800
1344
2400
1612
2408
1408
272
3040
3192
408
2432
4880
960
1488
2688
360
2456
1232
1008
4992
2472
416
2480
3840
96
1248
2880
1624
3124
1256
960
3160
2736
192
2528
4160
848
1272
3072
1080
3192
1440
288
6072
2568
432
2576
3840
1056
1440
2592
52
2880
1736
1024
3280
2616
440
3168
4872
296
1536
2640
1440
2648
1328
1008
4368
3840
152
2880
3360
896
1632
2976
1952
2696
1352
124
3660
2712
456
3136
5616
912
1536
2736
400
3312
1600
920
5104
3024
576
2768
3480
384
1392
3360
1560
3024
1400
936
4960
2808
56
3040
6000
1152
1416
3264
1200
2840
1728
320
4680
3072
576
4032
3600
960
1440
2880
696
3328
1524
968
3640
3720
532
2912
5824
4
1776
3168
1240
2936
1472
1368
5856
3264
168
2960
4560
1120
1728
2976
1664
3600
1496
336
4320
3456
624
3008
5568
1008
1680
3648
160
3032
1520
1152
6240
3048
512
3520
3840
432
1536
3360
2036
3080
2304
1032
3880
3096
176
3968
5096
1216
1560
3360
1680
3456
1728
120
6612
3792
528
3152
3960
1056
1920
3648
624
3472
1592
1296
4000
3192
640
3456
7564
360
1608
3552
1360
4608
1792
1080
5304
3240
24
3248
4800
1088
1824
3936
2088
3520
1640
448
5040
3288
552
3296
5408
1488
1920
3312
480
3320
2016
1112
7000
4104
560
4032
4800
128
1680
3360
2496
3484
1688
1128
4240
4392
192
4256
6264
1136
2232
3648
1440
3416
1984
480
5616
3432
672
3440
5280
1344
1728
3456
244
4176
1736
1228
5120
3840
720
3808
5720
392
1920
4992
1480
3512
1760
1176
8352
3528
228
3536
5040
1440
1776
3552
1976
4096
2160
48
4480
3840
600
4320
8096
1344
1800
3840
620
3888
2016
1408
5928
4368
608
3632
4560
408
2688
3648
2320
4032
1832
1488
4600
4224
72
3680
7488
1232
1848
4032
1920
4712
1856
416
7320
3720
768
4560
4680
1248
1872
5184
728
3752
2176
1256
5760
3768
632
4032
6960
192
2112
3792
1600
4144
2480
1272
7488
3816
216
4608
4800
1440
1920
4416
3000
3972
2128
432
4840
4656
768
3872
6916
1440
2352
3888
20
4480
1952
1736
7192
3912
656
4320
6840
440
1968
3936
2184
4752
2160
1536
5600
4224
288
3968
7808
1328
2304
4800
1680
3992
2000
152
8112
