(1, 2, 2, 4)1
2
4
8
8
12
16
16
24
26
24
24
32
28
32
48
24
36
52
40
48
64
48
48
96
62
56
80
64
60
96
64
24
96
72
96
104
76
80
112
144
84
128
88
96
156
96
96
96
114
124
144
112
108
160
144
192
160
120
120
192
124
128
208
24
168
192
136
144
192
192
144
312
148
152
248
160
192
224
160
144
242
168
168
256
216
176
240
288
180
312
224
192
256
192
240
96
196
228
312
248
204
288
208
336
384
216
216
320
220
288
304
192
228
320
288
240
364
240
288
576
266
248
336
256
312
416
256
24
352
336
264
384
320
272
480
432
276
384
280
384
384
288
336
312
360
296
456
304
300
496
304
480
468
384
384
448
316
320
432
144
384
484
328
336
576
336
336
768
366
432
520
352
348
480
496
288
480
360
360
624
364
448
496
576
456
512
432
384
640
480
384
96
388
392
672
456
396
624
400
744
544
408
480
576
504
416
624
336
480
768
424
432
576
432
528
960
512
440
592
576
504
608
448
192
806
456
456
640
460
576
768
720
468
728
576
480
640
576
480
576
484
532
728
496
684
672
560
768
672
624
504
832
576
512
864
24
516
704
608
672
780
528
528
1152
648
640
720
544
540
960
544
432
896
552
744
768
556
560
832
1152
564
768
568
576
960
672
672
312
614
720
784
592
588
912
720
912
960
600
672
992
704
608
816
480
744
936
616
768
832
768
624
1344
628
632
1248
640
636
864
720
144
864
768
720
968
868
656
880
1008
768
1152
664
672
988
672
816
768
676
732
912
864
768
1040
800
1056
1152
696
696
960
700
992
1120
288
708
960
864
720
1152
720
720
1872
762
728
1064
896
888
992
736
576
1092
912
864
1024
748
864
1248
1152
840
1280
760
960
1024
768
768
96
1152
776
1144
784
780
1344
864
1368
1056
792
960
1248
796
800
1280
744
804
1088
896
816
1452
960
912
1728
820
1008
1104
832
960
1248
1008
336
1120
960
840
1536
844
848
1248
1296
1116
1152
992
864
1344
1056
864
960
868
1024
1440
880
960
1184
880
1728
1482
1008
888
1216
1080
896
1200
192
900
1612
1008
912
1216
912
1344
1920
916
920
1440
1152
924
1536
928
720
1536
936
936
1456
1088
1152
1264
1440
1056
1280
1240
1152
1404
960
960
576
1064
968
1536
1064
1176
1456
976
1488
1312
1368
984
1344
1080
1120
1872
768
1152
1344
1000
1248
1344
1008
1008
2496
1224
1152
1464
1024
1020
1728
1184
24
1600
1032
1248
1408
1152
1216
1392
2016
1044
1560
1048
1056
1984
1056
1152
1152
1106
1296
1560
1280
1176
1440
1296
1632
1440
1080
1368
1920
1084
1088
1456
432
1320
1792
1096
1104
1612
1488
1200
2304
1280
1112
1824
1120
1116
1664
1232
1152
1728
1128
1128
1536
1368
1136
1936
1728
1140
1920
1144
1344
1536
1344
1488
312
1156
1228
1552
1440
1344
1568
1296
1776
2184
1176
1176
1824
1280
1440
1584
912
1188
1920
1728
1200
1600
1344
1200
2976
1204
1408
1768
1216
1596
1632
1216
480
1920
1488
1344
1872
1228
1232
2016
2304
1236
1664
1240
1536
1920
1248
1440
1344
1562
1256
1920
1264
1368
2496
1264
1920
1696
1272
1536
1728
1596
1440
1872
144
1284
1728
1288
1536
2112
1440
1296
2904
1440
1736
2048
1312
1308
1760
1584
1008
1924
1536
1320
2304
1324
1328
2016
2016
1920
1976
1440
1344
1792
1632
1488
768
1348
1352
2480
1464
1356
1824
1568
2592
1824
1536
1368
2080
1656
1600
1840
1056
1512
2304
1384
1392
2496
1392
1680
2880
1512
1400
1872
1984
1404
2240
1520
288
2304
1416
1632
1920
1420
1728
2080
2160
1536
2304
2016
1440
1920
1440
1440
1872
1664
1524
1936
1456
1860
2128
1456
2688
2186
1776
1584
1984
1468
1472
2736
576
1632
2184
1480
1824
2240
1728
1488
3072
1800
1496
2184
1728
1728
2496
1504
1152
2016
1680
1824
2560
1516
1520
2304
2880
1524
2048
1760
1536
2808
1536
1680
96
1540
2304
2064
1552
1548
2288
1984
2352
2432
1560
1680
2688
1728
1728
2400
1368
1896
2112
1576
1584
2112
1920
1824
3744
1736
1592
2592
1600
1596
2560
1728
744
2340
1608
1776
2176
2304
1792
2160
2448
1620
2904
1624
1920
2176
1824
1968
1728
1760
1640
2912
2016
1644
2208
1648
2496
2976
1920
1656
2496
1660
2016
2224
336
2052
2240
2016
1920
2560
1680
1680
4608
1742
1688
2256
1696
2196
2496
2128
1296
2272
2232
1824
2304
1708
1984
3120
2592
1716
2688
1720
2112
2688
1728
1728
960
2088
1736
2456
2048
1920
2880
1904
2640
2548
1920
2496
2368
1756
1760
2352
1728
1764
2964
1768
2016
2880
1776
1776
3648
2048
2160
2904
1792
1920
2400
2160
192
2688
1800
1920
3224
1944
2016
2816
2736
2184
2432
1816
1824
2652
2688
1824
1920
2016
1832
2976
1840
2112
2880
1840
3456
2464
1848
2016
3072
2356
1856
2704
720
1860
3072
2280
1872
2496
1872
2592
4368
1876
2176
2512
2304
1884
2528
2016
1440
3840
2112
1896
2560
2072
2480
2544
3456
1908
2808
2304
1920
2880
1920
2208
576
1986
2128
2808
1936
2328
3072
1936
3192
2880
2352
1944
2912
2240
1952
3472
1488
1956
2624
2160
2736
2860
1968
1968
4032
2376
2160
3072
2240
2112
3744
1984
768
2656
2304
2400
2688
1996
2000
3040
3744
